Time (s),P2 - LOX Tank Pressure,P3 - Fuel Tank Pressure,P1 - Chamber Pressure,Not Used,P5- DOME Reg.,Not Use,Load Cell,P7 - Gnd High Pressure,P6 - GHE Fill Pressure,P8 - Pneumatics Pressure,Not Used,Not Used,Not Used,Not Used,Not Used,Not Used,QD Sep Indication,Lift Off Indicator,Main Valve Open Indicator,Main Valve Closed Indicator,Load Cell 1 - Veh Gross Weight,Load Cell 2 - - Veh Gross Weight,Not Used,Not Used,High Press PT,,,,,,,,TC1,TC2,TC3,TC4,TC5,TC6,TC7,TC8,TC9,TC10,TC11,TC12,TC13,TC14,Relay1,Relay2,Relay3,Relay4,Relay5,Relay6,Relay7,Relay8,Relay9,Relay10,Relay11,Relay12,Relay13,Relay14,Relay15,Relay16,Manual/Auto (1=Auto),
18.039,-1.76,-1.88,-1.21,0.00,-1.58,0.00,-5.74,-3.07,0.18,-1.28,0.00,0.00,0.00,0.00,0.00,0.00,5.10,5.10,1.73,1.69,-50.73,-2.48,0.00,0.00,-1035.38,0.00,0.00,0.00,0.00,0.00,0.00,0.00,29.79 °C,29.69 °C,29.69 °C,29.69 °C,29.79 °C,29.69 °C,29.79 °C,1369.68 °C,1369.68 °C,1369.68 °C,1369.68 °C,1369.68 °C,1369.68 °C,1369.68 °C,0,0,0,0,0,0,0,0,0,0,0,0,0,0,0,0,1,
19.040,-1.76,-1.88,-1.17,0.00,-1.58,0.00,-5.74,-3.07,0.18,-1.28,0.00,0.00,0.00,0.00,0.00,0.00,5.10,5.10,1.73,1.69,-43.10,-2.48,0.00,0.00,-1035.38,0.00,0.00,0.00,0.00,0.00,0.00,0.00,29.69 °C,29.79 °C,29.89 °C,29.79 °C,29.89 °C,29.69 °C,29.79 °C,1369.68 °C,1369.68 °C,1369.68 °C,1369.68 °C,1369.68 °C,1369.68 °C,1369.68 °C,0,0,0,0,0,0,0,0,0,0,0,0,0,0,0,0,1,
20.040,-1.76,-1.88,-1.17,0.00,-1.58,0.00,-5.74,-3.07,0.18,-1.28,0.00,0.00,0.00,0.00,0.00,0.00,5.10,5.10,1.73,1.69,-32.93,-2.48,0.00,0.00,-1035.38,0.00,0.00,0.00,0.00,0.00,0.00,0.00,29.79 °C,29.69 °C,29.79 °C,29.69 °C,29.79 °C,29.69 °C,29.79 °C,1369.68 °C,1369.68 °C,1369.68 °C,1369.68 °C,1369.68 °C,1369.68 °C,1369.68 °C,0,0,0,0,0,0,0,0,0,0,0,0,0,0,0,0,1,
21.040,-1.76,-1.88,-1.17,0.00,-1.58,0.00,-5.74,-2.93,0.14,-1.28,0.00,0.00,0.00,0.00,0.00,0.00,5.10,5.10,1.73,1.69,-32.93,-2.48,0.00,0.00,-1035.38,0.00,0.00,0.00,0.00,0.00,0.00,0.00,29.79 °C,29.69 °C,29.79 °C,29.69 °C,29.89 °C,29.79 °C,29.79 °C,1369.68 °C,1369.68 °C,1369.68 °C,1369.68 °C,1369.68 °C,1369.68 °C,1369.68 °C,0,0,0,0,0,0,0,0,0,0,0,0,0,0,0,0,1,
22.041,-1.76,-1.83,-1.17,0.00,-1.58,0.00,-5.81,-3.07,0.14,-1.28,0.00,0.00,0.00,0.00,0.00,0.00,5.10,5.10,1.73,1.68,-25.30,-2.48,0.00,0.00,-1035.38,0.00,0.00,0.00,0.00,0.00,0.00,0.00,29.79 °C,29.79 °C,29.79 °C,29.69 °C,29.89 °C,29.69 °C,29.79 °C,1369.68 °C,1369.68 °C,1369.68 °C,1369.68 °C,1369.68 °C,1369.68 °C,1369.68 °C,0,0,0,0,0,0,0,0,0,0,0,0,0,0,0,0,1,
23.040,-1.76,-1.83,-1.17,0.00,-1.58,0.00,-5.74,-3.07,0.14,-1.28,0.00,0.00,0.00,0.00,0.00,0.00,5.10,5.10,1.73,1.69,-25.30,-2.48,0.00,0.00,-1035.38,0.00,0.00,0.00,0.00,0.00,0.00,0.00,29.79 °C,29.79 °C,29.79 °C,29.69 °C,29.79 °C,29.69 °C,29.79 °C,1369.68 °C,1369.68 °C,1369.68 °C,1369.68 °C,1369.68 °C,1369.68 °C,1369.68 °C,0,0,0,0,0,0,0,0,0,0,0,0,0,0,0,0,1,
24.040,-1.76,-1.83,-1.17,0.00,-1.58,0.00,-5.81,-3.07,0.14,-1.28,0.00,0.00,0.00,0.00,0.00,0.00,5.10,5.10,1.73,1.69,-17.67,-2.48,0.00,0.00,-1035.38,0.00,0.00,0.00,0.00,0.00,0.00,0.00,29.79 °C,29.69 °C,29.79 °C,29.69 °C,30.00 °C,29.79 °C,29.79 °C,1369.68 °C,1369.68 °C,1369.68 °C,1369.68 °C,1369.68 °C,1369.68 °C,1369.68 °C,0,0,0,0,0,0,0,0,0,0,0,0,0,0,0,0,1,
25.040,-1.76,-1.83,-1.12,0.00,-1.58,0.00,-5.81,-2.93,0.14,-1.28,0.00,0.00,0.00,0.00,0.00,0.00,5.10,5.10,1.73,1.69,-17.67,-2.48,0.00,0.00,-1035.38,0.00,0.00,0.00,0.00,0.00,0.00,0.00,29.79 °C,29.79 °C,29.79 °C,29.69 °C,30.00 °C,29.69 °C,29.79 °C,1369.68 °C,1369.68 °C,1369.68 °C,1369.68 °C,1369.68 °C,1369.68 °C,1369.68 °C,0,0,0,0,0,0,0,0,0,0,0,0,0,0,0,0,1,
26.041,-1.76,-1.83,-1.17,0.00,-1.58,0.00,-5.81,-3.07,0.14,-1.28,0.00,0.00,0.00,0.00,0.00,0.00,5.10,5.10,1.73,1.68,-17.67,-2.48,0.00,0.00,-1035.38,0.00,0.00,0.00,0.00,0.00,0.00,0.00,29.79 °C,29.79 °C,29.79 °C,29.69 °C,29.89 °C,29.69 °C,29.79 °C,1369.68 °C,1369.68 °C,1369.68 °C,1369.68 °C,1369.68 °C,1369.68 °C,1369.68 °C,0,0,0,0,0,0,0,0,0,0,0,0,0,0,0,0,1,
27.040,-1.76,-1.88,-1.12,0.00,-1.58,0.00,-5.81,-2.93,0.14,-1.28,0.00,0.00,0.00,0.00,0.00,0.00,5.10,5.10,1.73,1.69,-10.04,-2.48,0.00,0.00,-1035.38,0.00,0.00,0.00,0.00,0.00,0.00,0.00,29.79 °C,29.79 °C,29.79 °C,29.79 °C,30.00 °C,29.69 °C,29.79 °C,1369.68 °C,1369.68 °C,1369.68 °C,1369.68 °C,1369.68 °C,1369.68 °C,1369.68 °C,0,0,0,0,0,0,0,0,0,0,0,0,0,0,0,0,1,
28.040,-1.76,-1.83,-1.17,0.00,-1.58,0.00,-5.81,-2.93,0.07,-1.33,0.00,0.00,0.00,0.00,0.00,0.00,5.10,5.10,1.73,1.69,-10.04,-2.48,0.00,0.00,-1035.38,0.00,0.00,0.00,0.00,0.00,0.00,0.00,29.79 °C,29.79 °C,29.79 °C,29.79 °C,30.00 °C,29.69 °C,29.79 °C,1369.68 °C,1369.68 °C,1369.68 °C,1369.68 °C,1369.68 °C,1369.68 °C,1369.68 °C,0,0,0,0,0,0,0,0,0,0,0,0,0,0,0,0,1,
29.041,-1.72,-1.83,-1.12,0.00,-1.58,0.00,-5.81,-2.84,0.14,-1.28,0.00,0.00,0.00,0.00,0.00,0.00,5.10,5.10,1.73,1.68,-10.04,-2.48,0.00,0.00,-1035.38,0.00,0.00,0.00,0.00,0.00,0.00,0.00,29.79 °C,29.69 °C,29.79 °C,29.69 °C,29.89 °C,29.69 °C,29.79 °C,1369.68 °C,1369.68 °C,1369.68 °C,1369.68 °C,1369.68 °C,1369.68 °C,1369.68 °C,0,0,0,0,0,0,0,0,0,0,0,0,0,0,0,0,1,
30.042,-1.76,-1.83,-1.21,0.00,-1.58,0.00,-5.89,-2.93,0.14,-1.33,0.00,0.00,0.00,0.00,0.00,0.00,5.10,5.10,1.73,1.68,-10.04,-2.48,0.00,0.00,-1035.38,0.00,0.00,0.00,0.00,0.00,0.00,0.00,29.79 °C,29.69 °C,29.69 °C,29.79 °C,30.00 °C,29.79 °C,29.79 °C,1369.68 °C,1369.68 °C,1369.68 °C,1369.68 °C,1369.68 °C,1369.68 °C,1369.68 °C,0,0,0,0,0,0,0,0,0,0,0,0,0,0,0,0,1,
31.043,-1.76,-1.83,-1.37,0.00,-1.58,0.00,-5.81,-2.93,0.14,-1.33,0.00,0.00,0.00,0.00,0.00,0.00,5.10,5.10,1.59,1.55,-10.04,-2.48,0.00,0.00,-1035.38,0.00,0.00,0.00,0.00,0.00,0.00,0.00,29.69 °C,29.69 °C,29.69 °C,29.69 °C,30.00 °C,29.69 °C,29.79 °C,1369.68 °C,1369.68 °C,1369.68 °C,1369.68 °C,1369.68 °C,1369.68 °C,1369.68 °C,0,0,0,0,0,0,0,0,0,0,0,0,0,0,0,0,1,
32.044,-1.72,-1.83,-1.33,0.00,-1.53,0.00,-5.81,-2.93,0.18,-1.33,0.00,0.00,0.00,0.00,0.00,0.00,5.10,5.10,1.61,1.57,0.13,-2.48,0.00,0.00,-1035.38,0.00,0.00,0.00,0.00,0.00,0.00,0.00,29.79 °C,29.79 °C,29.79 °C,29.79 °C,29.79 °C,29.69 °C,29.79 °C,1369.68 °C,1369.68 °C,1369.68 °C,1369.68 °C,1369.68 °C,1369.68 °C,1369.68 °C,0,0,0,0,0,0,0,0,0,0,0,0,0,0,0,0,1,
33.043,-1.72,-1.83,-1.28,0.00,-1.53,0.00,-5.81,-2.93,0.18,-1.33,0.00,0.00,0.00,0.00,0.00,0.00,5.10,5.10,1.63,1.58,0.13,-2.48,0.00,0.00,-1035.38,0.00,0.00,0.00,0.00,0.00,0.00,0.00,29.79 °C,29.69 °C,29.69 °C,29.69 °C,29.79 °C,29.69 °C,29.79 °C,1369.68 °C,1369.68 °C,1369.68 °C,1369.68 °C,1369.68 °C,1369.68 °C,1369.68 °C,0,0,0,0,0,0,0,0,0,0,0,0,0,0,0,0,1,
34.043,-1.72,-1.83,-1.28,0.00,-1.53,0.00,-5.81,-2.93,0.18,-1.33,0.00,0.00,0.00,0.00,0.00,0.00,5.10,5.10,1.64,1.60,0.13,-2.48,0.00,0.00,-1035.38,0.00,0.00,0.00,0.00,0.00,0.00,0.00,29.69 °C,29.79 °C,29.79 °C,29.79 °C,29.79 °C,29.69 °C,29.79 °C,1369.68 °C,1369.68 °C,1369.68 °C,1369.68 °C,1369.68 °C,1369.68 °C,1369.68 °C,0,0,0,0,0,0,0,0,0,0,0,0,0,0,0,0,1,