Time (s),P2 - LOX Tank Pressure,P3 - Fuel Tank Pressure,P1 - Chamber Pressure,Not Used,P5- DOME Reg.,Not Use,Load Cell,P7 - Gnd High Pressure,P6 - GHE Fill Pressure,P8 - Pneumatics Pressure,Not Used,Not Used,Not Used,Not Used,LOX MV PT,FUEL MV PT,Load Cell 1,Load Cell 2,Load Cell 3,Main Valve Closed Indicator,Load Cell 1 - Veh Gross Weight,Load Cell 2 - - Veh Gross Weight,Not Used,Not Used,High Press PT,,,,,,,,TC1,TC2,TC3,TC4,TC5,TC6,TC7,TC8,TC9,TC10,TC11,TC12,TC13,TC14,Relay1,Relay2,Relay3,Relay4,Relay5,Relay6,Relay7,Relay8,Relay9,Relay10,Relay11,Relay12,Relay13,Relay14,Relay15,Relay16,Manual/Auto (1=Auto),
17.942,-124.92,-124.93,-63.84,0.00,-1.92,0.00,-5.17,-4.53,9.92,-1.56,2.36,1.39,0.00,0.00,0.45,0.24,-17.36,-1.31,10.40,-0.00,-127.30,-5.45,0.00,0.00,-1038.07,0.00,0.00,0.00,0.00,0.00,0.00,0.00,16.20 °C,16.20 °C,16.20 °C,16.20 °C,16.29 °C,16.20 °C,16.20 °C,15.88 °C,1369.68 °C,1369.68 °C,1369.68 °C,1369.68 °C,1369.68 °C,1369.68 °C,0,0,0,0,0,0,0,0,0,0,0,0,0,0,0,0,1,
18.942,-124.92,-124.93,-63.84,0.00,-1.92,0.00,-5.17,-4.53,9.92,-1.56,2.36,1.39,0.00,0.00,0.45,0.24,-17.02,-1.31,10.40,-0.00,-127.30,-5.38,0.00,0.00,-1038.07,0.00,0.00,0.00,0.00,0.00,0.00,0.00,16.20 °C,16.20 °C,16.20 °C,16.20 °C,16.20 °C,16.29 °C,16.29 °C,15.99 °C,1369.68 °C,1369.68 °C,1369.68 °C,1369.68 °C,1369.68 °C,1369.68 °C,0,0,0,0,0,0,0,0,0,0,0,0,0,0,0,0,1,
19.942,-124.92,-124.93,-63.84,0.00,-1.92,0.00,-5.17,-4.53,9.92,-1.56,2.36,1.39,0.00,0.00,0.45,0.24,-16.95,-1.31,10.48,-0.00,-127.30,-5.38,0.00,0.00,-1038.07,0.00,0.00,0.00,0.00,0.00,0.00,0.00,16.20 °C,16.20 °C,16.20 °C,16.20 °C,16.20 °C,16.20 °C,16.20 °C,15.99 °C,1369.68 °C,1369.68 °C,1369.68 °C,1369.68 °C,1369.68 °C,1369.68 °C,0,0,0,0,0,0,0,0,0,0,0,0,0,0,0,0,1,
20.942,-124.92,-124.93,-63.84,0.00,-1.92,0.00,-5.17,-4.53,9.92,-1.56,2.36,1.39,0.00,0.00,0.45,0.24,-17.02,-1.31,10.67,-0.00,-127.30,-5.45,0.00,0.00,-1038.07,0.00,0.00,0.00,0.00,0.00,0.00,0.00,16.20 °C,16.20 °C,16.29 °C,16.20 °C,16.29 °C,16.20 °C,16.20 °C,15.99 °C,1369.68 °C,1369.68 °C,1369.68 °C,1369.68 °C,1369.68 °C,1369.68 °C,0,0,0,0,0,0,0,0,0,0,0,0,0,0,0,0,1,
21.942,-124.92,-124.93,-63.84,0.00,-1.92,0.00,-5.17,-4.53,9.92,-1.30,2.36,1.39,0.00,0.00,0.45,0.24,-17.02,-1.31,10.55,-0.00,-127.30,-5.45,0.00,0.00,-1038.07,0.00,0.00,0.00,0.00,0.00,0.00,0.00,16.20 °C,16.20 °C,16.20 °C,16.20 °C,16.20 °C,16.20 °C,16.20 °C,15.99 °C,1369.68 °C,1369.68 °C,1369.68 °C,1369.68 °C,1369.68 °C,1369.68 °C,0,0,0,0,0,0,0,0,0,0,0,0,0,0,0,0,1,
22.943,-124.92,-124.93,-63.84,0.00,-1.92,0.00,-5.24,-4.53,9.92,-1.30,2.36,1.39,0.00,0.00,0.45,0.24,-16.95,-1.31,9.49,-0.00,-127.30,-5.38,0.00,0.00,-1038.07,0.00,0.00,0.00,0.00,0.00,0.00,0.00,16.20 °C,16.20 °C,16.20 °C,16.20 °C,16.29 °C,16.20 °C,16.29 °C,15.99 °C,1369.68 °C,1369.68 °C,1369.68 °C,1369.68 °C,1369.68 °C,1369.68 °C,0,0,0,0,0,0,0,0,0,0,0,0,0,0,0,0,1,
23.943,-124.92,-124.93,-63.84,0.00,-1.92,0.00,-5.17,-4.53,9.92,-1.56,2.36,1.39,0.00,0.00,0.45,0.24,-17.02,-1.31,10.25,-0.00,-127.30,-5.38,0.00,0.00,-1038.07,0.00,0.00,0.00,0.00,0.00,0.00,0.00,16.20 °C,16.20 °C,16.20 °C,16.20 °C,16.29 °C,16.20 °C,16.20 °C,15.99 °C,1369.68 °C,1369.68 °C,1369.68 °C,1369.68 °C,1369.68 °C,1369.68 °C,0,0,0,0,0,0,0,0,0,0,0,0,0,0,0,0,1,
24.943,-124.92,-124.93,-63.84,0.00,-1.92,0.00,-5.17,-4.44,9.92,-1.56,2.36,1.39,0.00,0.00,0.45,0.24,-17.02,-1.31,10.55,-0.00,-127.30,-5.38,0.00,0.00,-1038.07,0.00,0.00,0.00,0.00,0.00,0.00,0.00,16.20 °C,16.20 °C,16.20 °C,16.20 °C,16.20 °C,16.20 °C,16.20 °C,15.99 °C,1369.68 °C,1369.68 °C,1369.68 °C,1369.68 °C,1369.68 °C,1369.68 °C,0,0,0,0,0,0,0,0,0,0,0,0,0,0,0,0,1,
25.943,-124.92,-124.93,-63.84,0.00,-1.92,0.00,-5.24,-4.17,9.92,-1.56,2.36,1.39,0.00,0.00,0.45,0.24,-17.02,-1.31,10.55,-0.00,-127.30,-5.38,0.00,0.00,-1038.07,0.00,0.00,0.00,0.00,0.00,0.00,0.00,16.20 °C,16.20 °C,16.20 °C,16.20 °C,16.29 °C,16.20 °C,16.20 °C,15.99 °C,1369.68 °C,1369.68 °C,1369.68 °C,1369.68 °C,1369.68 °C,1369.68 °C,0,0,0,0,0,0,0,0,0,0,0,0,0,0,0,0,1,
26.943,-124.91,-124.93,-63.84,0.00,-1.92,0.00,-5.17,-4.03,9.92,-1.56,2.36,1.39,0.00,0.00,0.45,0.24,-16.95,-1.39,10.89,-0.00,-127.30,-5.38,0.00,0.00,-1038.07,0.00,0.00,0.00,0.00,0.00,0.00,0.00,16.20 °C,16.20 °C,16.20 °C,16.20 °C,16.20 °C,16.20 °C,16.20 °C,15.99 °C,1369.68 °C,1369.68 °C,1369.68 °C,1369.68 °C,1369.68 °C,1369.68 °C,0,0,0,0,0,0,0,0,0,0,0,0,0,0,0,0,1,
27.943,-124.91,-124.93,-63.84,0.00,-1.92,0.00,-5.24,-3.94,9.92,-1.56,2.36,1.39,0.00,0.00,0.45,0.24,-17.02,-1.31,10.82,-0.00,-127.30,-5.38,0.00,0.00,-1038.07,0.00,0.00,0.00,0.00,0.00,0.00,0.00,16.29 °C,16.20 °C,16.20 °C,16.20 °C,16.20 °C,16.20 °C,16.20 °C,15.99 °C,1369.68 °C,1369.68 °C,1369.68 °C,1369.68 °C,1369.68 °C,1369.68 °C,0,0,0,0,0,0,0,0,0,0,0,0,0,0,0,0,1,
28.943,-124.91,-124.93,-63.84,0.00,-1.92,0.00,-5.24,-3.85,9.92,-1.56,2.36,1.39,0.00,0.00,0.45,0.24,-17.02,-1.31,10.67,-0.00,-127.30,-5.38,0.00,0.00,-1038.07,0.00,0.00,0.00,0.00,0.00,0.00,0.00,16.20 °C,16.20 °C,16.20 °C,16.20 °C,16.29 °C,16.20 °C,16.20 °C,15.99 °C,1369.68 °C,1369.68 °C,1369.68 °C,1369.68 °C,1369.68 °C,1369.68 °C,0,0,0,0,0,0,0,0,0,0,0,0,0,0,0,0,1,
29.943,-124.91,-124.93,-63.84,0.00,-1.92,0.00,-5.24,-3.66,8.79,-1.56,2.36,1.39,0.00,0.00,0.45,0.24,-16.95,-1.31,10.55,-0.00,-127.30,-5.38,0.00,0.00,-1038.07,0.00,0.00,0.00,0.00,0.00,0.00,0.00,16.20 °C,16.20 °C,16.20 °C,16.20 °C,16.29 °C,16.20 °C,16.29 °C,15.99 °C,1369.68 °C,1369.68 °C,1369.68 °C,1369.68 °C,1369.68 °C,1369.68 °C,0,0,0,0,0,0,0,0,0,0,0,0,0,0,0,0,1,
30.944,-124.91,-124.93,-63.84,0.00,-1.88,0.00,-5.24,-3.43,8.79,-1.56,2.36,1.39,0.00,0.00,0.45,0.24,-16.95,-1.31,10.74,-0.00,-127.30,-5.38,0.00,0.00,-1038.07,0.00,0.00,0.00,0.00,0.00,0.00,0.00,16.29 °C,16.20 °C,16.20 °C,16.29 °C,16.20 °C,16.20 °C,16.20 °C,15.99 °C,1369.68 °C,1369.68 °C,1369.68 °C,1369.68 °C,1369.68 °C,1369.68 °C,0,0,0,0,0,0,0,0,0,0,0,0,0,0,0,0,1,
31.944,-124.92,-124.93,-63.84,0.00,-1.92,0.00,-5.32,-3.25,8.79,-1.56,2.36,1.39,0.00,0.00,0.45,0.24,-17.02,-1.31,10.40,-0.00,-127.30,-5.38,0.00,0.00,-1038.07,0.00,0.00,0.00,0.00,0.00,0.00,0.00,16.29 °C,16.20 °C,16.29 °C,16.20 °C,16.29 °C,16.20 °C,16.20 °C,15.88 °C,1369.68 °C,1369.68 °C,1369.68 °C,1369.68 °C,1369.68 °C,1369.68 °C,0,0,0,0,0,0,0,0,0,0,0,0,0,0,0,0,1,
32.944,-124.92,-124.93,-63.84,0.00,-1.92,0.00,-5.24,-3.07,9.92,-1.56,2.36,1.39,0.00,0.00,0.45,0.24,-16.95,-1.31,10.67,-0.00,-127.30,-5.38,0.00,0.00,-1038.07,0.00,0.00,0.00,0.00,0.00,0.00,0.00,16.20 °C,16.20 °C,16.20 °C,16.20 °C,16.20 °C,16.20 °C,16.20 °C,15.99 °C,1369.68 °C,1369.68 °C,1369.68 °C,1369.68 °C,1369.68 °C,1369.68 °C,0,0,0,0,0,0,0,0,0,0,0,0,0,0,0,0,1,
33.945,-124.92,-124.93,-63.84,0.00,-1.92,0.00,-5.32,-3.07,9.92,-1.56,2.36,1.39,0.00,0.00,0.45,0.24,-16.95,-1.31,10.48,-0.00,-127.30,-5.38,0.00,0.00,-1038.07,0.00,0.00,0.00,0.00,0.00,0.00,0.00,16.20 °C,16.20 °C,16.20 °C,16.20 °C,16.29 °C,16.20 °C,16.29 °C,15.88 °C,1369.68 °C,1369.68 °C,1369.68 °C,1369.68 °C,1369.68 °C,1369.68 °C,0,0,0,0,0,0,0,0,0,0,0,0,0,0,0,0,1,
34.945,-124.92,-124.93,-63.84,0.00,-1.92,0.00,-5.32,-3.07,9.92,-1.56,2.36,1.39,0.00,0.00,0.45,0.24,-17.02,-1.31,10.40,-0.00,-127.30,-5.38,0.00,0.00,-1038.07,0.00,0.00,0.00,0.00,0.00,0.00,0.00,16.20 °C,16.29 °C,16.20 °C,16.20 °C,16.29 °C,16.20 °C,16.29 °C,15.99 °C,1369.68 °C,1369.68 °C,1369.68 °C,1369.68 °C,1369.68 °C,1369.68 °C,0,0,0,0,0,0,0,0,0,0,0,0,0,0,0,0,1,
35.945,-124.92,-124.93,-63.84,0.00,-1.92,0.00,-5.32,-3.07,9.92,-1.56,2.36,1.39,0.00,0.00,0.45,0.24,-17.02,-1.31,10.67,-0.00,-127.30,-5.30,0.00,0.00,-1038.07,0.00,0.00,0.00,0.00,0.00,0.00,0.00,16.29 °C,16.20 °C,16.20 °C,16.20 °C,16.20 °C,16.20 °C,16.20 °C,15.88 °C,1369.68 °C,1369.68 °C,1369.68 °C,1369.68 °C,1369.68 °C,1369.68 °C,0,0,0,0,0,0,0,0,0,0,0,0,0,0,0,0,1,
36.945,-124.92,-124.93,-63.84,0.00,-1.88,0.00,-5.32,-3.16,9.92,-1.56,2.36,1.39,0.00,0.00,0.45,0.24,-17.02,-1.31,10.67,-0.00,-127.30,-5.38,0.00,0.00,-1038.07,0.00,0.00,0.00,0.00,0.00,0.00,0.00,16.20 °C,16.20 °C,16.20 °C,16.20 °C,16.29 °C,16.20 °C,16.20 °C,15.88 °C,1369.68 °C,1369.68 °C,1369.68 °C,1369.68 °C,1369.68 °C,1369.68 °C,0,0,0,0,0,0,0,0,0,0,0,0,0,0,0,0,1,
37.945,-124.92,-124.93,-63.84,0.00,-1.88,0.00,-5.32,-3.16,9.92,-1.56,2.36,1.39,0.00,0.00,0.45,0.24,-17.02,-1.31,10.40,-0.00,-127.30,-5.38,0.00,0.00,-1038.07,0.00,0.00,0.00,0.00,0.00,0.00,0.00,16.29 °C,16.20 °C,16.20 °C,16.20 °C,16.29 °C,16.29 °C,16.29 °C,15.88 °C,1369.68 °C,1369.68 °C,1369.68 °C,1369.68 °C,1369.68 °C,1369.68 °C,0,0,0,0,0,0,0,0,0,0,0,0,0,0,0,0,1,
38.946,-124.92,-124.93,-63.84,0.00,-1.88,0.00,-5.32,-3.25,9.92,-1.56,2.36,1.39,0.00,0.00,0.45,0.24,-17.10,-1.31,10.55,-0.00,-127.30,-5.38,0.00,0.00,-1038.07,0.00,0.00,0.00,0.00,0.00,0.00,0.00,16.20 °C,16.29 °C,16.29 °C,16.20 °C,16.20 °C,16.20 °C,16.20 °C,15.99 °C,1369.68 °C,1369.68 °C,1369.68 °C,1369.68 °C,1369.68 °C,1369.68 °C,0,0,0,0,0,0,0,0,0,0,0,0,0,0,0,0,1,
39.947,-124.92,-124.93,-63.84,0.00,-1.88,0.00,-5.32,-3.34,9.92,-1.56,2.36,1.39,0.00,0.00,0.45,0.24,-17.02,-1.31,10.67,-0.00,-127.30,-5.38,0.00,0.00,-1038.07,0.00,0.00,0.00,0.00,0.00,0.00,0.00,16.20 °C,16.20 °C,16.20 °C,16.20 °C,16.20 °C,16.20 °C,16.20 °C,15.88 °C,1369.68 °C,1369.68 °C,1369.68 °C,1369.68 °C,1369.68 °C,1369.68 °C,0,0,0,0,0,0,0,0,0,0,0,0,0,0,0,0,1,
40.948,-124.92,-124.93,-63.84,0.00,-1.92,0.00,-5.24,-3.43,9.92,-1.56,2.36,1.39,0.00,0.00,0.45,0.24,-16.95,-1.31,10.32,-0.00,-127.30,-5.45,0.00,0.00,-1038.07,0.00,0.00,0.00,0.00,0.00,0.00,0.00,16.29 °C,16.20 °C,16.20 °C,16.20 °C,16.29 °C,16.20 °C,16.29 °C,15.99 °C,1369.68 °C,1369.68 °C,1369.68 °C,1369.68 °C,1369.68 °C,1369.68 °C,0,0,0,0,0,0,0,0,0,0,0,0,0,0,0,0,1,
41.948,-124.92,-124.93,-63.84,0.00,-1.88,0.00,-5.24,-3.43,9.92,-1.56,2.36,1.39,0.00,0.00,0.45,0.24,-16.95,-1.31,10.67,-0.00,-127.30,-5.38,0.00,0.00,-1038.07,0.00,0.00,0.00,0.00,0.00,0.00,0.00,16.20 °C,16.20 °C,16.20 °C,16.20 °C,16.29 °C,16.20 °C,16.29 °C,15.99 °C,1369.68 °C,1369.68 °C,1369.68 °C,1369.68 °C,1369.68 °C,1369.68 °C,0,0,0,0,0,0,0,0,0,0,0,0,0,0,0,0,1,
42.948,-124.92,-124.93,-63.84,0.00,-1.92,0.00,-5.24,-3.66,9.92,-1.56,2.36,1.39,0.00,0.00,0.45,0.24,-17.02,-1.31,10.67,-0.00,-127.30,-5.38,0.00,0.00,-1038.07,0.00,0.00,0.00,0.00,0.00,0.00,0.00,16.20 °C,16.29 °C,16.29 °C,16.20 °C,16.29 °C,16.20 °C,16.20 °C,15.99 °C,1369.68 °C,1369.68 °C,1369.68 °C,1369.68 °C,1369.68 °C,1369.68 °C,0,0,0,0,0,0,0,0,0,0,0,0,0,0,0,0,1,
43.948,-124.92,-124.93,-63.84,0.00,-1.88,0.00,-5.24,-3.85,9.92,-1.56,2.36,1.39,0.00,0.00,0.45,0.24,-17.02,-1.31,10.67,-0.00,-127.19,-5.45,0.00,0.00,-1038.07,0.00,0.00,0.00,0.00,0.00,0.00,0.00,16.20 °C,16.20 °C,16.20 °C,16.20 °C,16.29 °C,16.20 °C,16.20 °C,15.88 °C,1369.68 °C,1369.68 °C,1369.68 °C,1369.68 °C,1369.68 °C,1369.68 °C,0,0,0,0,0,0,0,0,0,0,0,0,0,0,0,0,1,
44.948,-124.92,-124.93,-63.84,0.00,-1.92,0.00,-5.24,-3.94,9.92,-1.30,2.36,1.39,0.00,0.00,0.45,0.24,-16.95,-1.31,10.32,-0.00,-127.19,-5.45,0.00,0.00,-1038.07,0.00,0.00,0.00,0.00,0.00,0.00,0.00,16.20 °C,16.20 °C,16.20 °C,16.20 °C,16.29 °C,16.20 °C,16.20 °C,15.99 °C,1369.68 °C,1369.68 °C,1369.68 °C,1369.68 °C,1369.68 °C,1369.68 °C,0,0,0,0,0,0,0,0,0,0,0,0,0,0,0,0,1,
45.948,-124.92,-124.93,-63.84,0.00,-1.88,0.00,-5.24,-4.03,9.92,-1.30,2.36,1.39,0.00,0.00,0.45,0.24,-16.95,-1.24,10.25,-0.00,-127.19,-5.45,0.00,0.00,-1038.07,0.00,0.00,0.00,0.00,0.00,0.00,0.00,16.20 °C,16.20 °C,16.20 °C,16.20 °C,16.20 °C,16.20 °C,16.20 °C,15.99 °C,1369.68 °C,1369.68 °C,1369.68 °C,1369.68 °C,1369.68 °C,1369.68 °C,0,0,0,0,0,0,0,0,0,0,0,0,0,0,0,0,1,
46.949,-124.92,-124.93,-63.84,0.00,-1.88,0.00,-5.24,-4.26,9.92,-1.30,2.36,1.39,0.00,0.00,0.45,0.24,-16.95,-1.31,10.67,-0.00,-127.19,-5.45,0.00,0.00,-1038.07,0.00,0.00,0.00,0.00,0.00,0.00,0.00,16.20 °C,16.20 °C,16.20 °C,16.20 °C,16.29 °C,16.20 °C,16.20 °C,15.99 °C,1369.68 °C,1369.68 °C,1369.68 °C,1369.68 °C,1369.68 °C,1369.68 °C,0,0,0,0,0,0,0,0,0,0,0,0,0,0,0,0,1,
47.949,-124.92,-124.93,-63.84,0.00,-1.92,0.00,-5.24,-4.35,9.92,-1.30,2.36,1.39,0.00,0.00,0.45,0.24,-17.02,-1.31,10.40,-0.00,-127.19,-5.45,0.00,0.00,-1038.07,0.00,0.00,0.00,0.00,0.00,0.00,0.00,16.20 °C,16.20 °C,16.29 °C,16.20 °C,16.29 °C,16.20 °C,16.20 °C,15.99 °C,1369.68 °C,1369.68 °C,1369.68 °C,1369.68 °C,1369.68 °C,1369.68 °C,0,0,0,0,0,0,0,0,0,0,0,0,0,0,0,0,1,
48.949,-124.92,-124.93,-63.84,0.00,-1.92,0.00,-5.24,-4.53,9.92,-1.30,2.36,1.39,0.00,0.00,0.45,0.24,-17.02,-1.31,10.67,-0.00,-127.30,-5.45,0.00,0.00,-1038.07,0.00,0.00,0.00,0.00,0.00,0.00,0.00,16.20 °C,16.20 °C,16.20 °C,16.20 °C,16.20 °C,16.20 °C,16.29 °C,15.99 °C,1369.68 °C,1369.68 °C,1369.68 °C,1369.68 °C,1369.68 °C,1369.68 °C,0,0,0,0,0,0,0,0,0,0,0,0,0,0,0,0,1,
49.949,-124.92,-124.93,-63.84,0.00,-1.88,0.00,-5.24,-4.62,9.92,-1.30,2.36,1.39,0.00,0.00,0.45,0.24,-16.95,-1.31,10.25,-0.00,-127.30,-5.45,0.00,0.00,-1038.07,0.00,0.00,0.00,0.00,0.00,0.00,0.00,16.20 °C,16.20 °C,16.20 °C,16.20 °C,16.29 °C,16.20 °C,16.29 °C,15.99 °C,1369.68 °C,1369.68 °C,1369.68 °C,1369.68 °C,1369.68 °C,1369.68 °C,0,0,0,0,0,0,0,0,0,0,0,0,0,0,0,0,1,
50.949,-124.92,-124.93,-63.84,0.00,-1.92,0.00,-5.17,-5.04,9.92,-1.30,2.36,1.39,0.00,0.00,0.45,0.24,-17.10,-1.31,10.40,-0.00,-127.30,-5.45,0.00,0.00,-1038.07,0.00,0.00,0.00,0.00,0.00,0.00,0.00,16.20 °C,16.20 °C,16.20 °C,16.20 °C,16.29 °C,16.20 °C,16.29 °C,15.99 °C,1369.68 °C,1369.68 °C,1369.68 °C,1369.68 °C,1369.68 °C,1369.68 °C,0,0,0,0,0,0,0,0,0,0,0,0,0,0,0,0,1,
51.949,-124.92,-124.93,-63.84,0.00,-1.92,0.00,-5.17,-5.13,9.92,-1.30,2.36,1.39,0.00,0.00,0.45,0.24,-17.02,-1.31,10.06,-0.00,-127.30,-5.45,0.00,0.00,-1038.07,0.00,0.00,0.00,0.00,0.00,0.00,0.00,16.29 °C,16.20 °C,16.20 °C,16.20 °C,16.29 °C,16.20 °C,16.20 °C,15.99 °C,1369.68 °C,1369.68 °C,1369.68 °C,1369.68 °C,1369.68 °C,1369.68 °C,0,0,0,0,0,0,0,0,0,0,0,0,0,0,0,0,1,
52.949,-124.92,-124.93,-63.84,0.00,-1.92,0.00,-5.17,-5.26,9.92,-1.30,2.36,1.39,0.00,0.00,0.45,0.24,-17.02,-1.31,10.25,-0.00,-127.38,-5.45,0.00,0.00,-1038.07,0.00,0.00,0.00,0.00,0.00,0.00,0.00,16.20 °C,16.29 °C,16.29 °C,16.29 °C,16.29 °C,16.20 °C,16.20 °C,15.99 °C,1369.68 °C,1369.68 °C,1369.68 °C,1369.68 °C,1369.68 °C,1369.68 °C,0,0,0,0,0,0,0,0,0,0,0,0,0,0,0,0,1,
53.949,-124.92,-124.93,-63.84,0.00,-1.92,0.00,-5.17,-5.36,9.92,-1.30,2.36,1.39,0.00,0.00,0.45,0.24,-16.95,-1.31,10.25,-0.00,-127.38,-5.45,0.00,0.00,-1038.07,0.00,0.00,0.00,0.00,0.00,0.00,0.00,16.20 °C,16.20 °C,16.20 °C,16.20 °C,16.29 °C,16.20 °C,16.29 °C,15.99 °C,1369.68 °C,1369.68 °C,1369.68 °C,1369.68 °C,1369.68 °C,1369.68 °C,0,0,0,0,0,0,0,0,0,0,0,0,0,0,0,0,1,
54.949,-124.92,-124.93,-63.84,0.00,-1.88,0.00,-5.17,-5.36,9.92,-1.30,2.36,1.39,0.00,0.00,0.45,0.24,-16.95,-1.31,10.40,-0.00,-127.38,-5.45,0.00,0.00,-1038.07,0.00,0.00,0.00,0.00,0.00,0.00,0.00,16.20 °C,16.20 °C,16.20 °C,16.20 °C,16.29 °C,16.20 °C,16.20 °C,15.99 °C,1369.68 °C,1369.68 °C,1369.68 °C,1369.68 °C,1369.68 °C,1369.68 °C,0,0,0,0,0,0,0,0,0,0,0,0,0,0,0,0,1,
55.949,-124.93,-124.93,-63.84,0.00,-1.92,0.00,-5.17,-5.45,9.92,-1.30,2.36,1.39,0.00,0.00,0.45,0.24,-16.87,-1.31,10.40,-0.00,-127.38,-5.45,0.00,0.00,-1038.07,0.00,0.00,0.00,0.00,0.00,0.00,0.00,16.20 °C,16.20 °C,16.20 °C,16.20 °C,16.29 °C,16.20 °C,16.29 °C,15.99 °C,1369.68 °C,1369.68 °C,1369.68 °C,1369.68 °C,1369.68 °C,1369.68 °C,0,0,0,0,0,0,0,0,0,0,0,0,0,0,0,0,1,
56.949,-124.93,-124.93,-63.84,0.00,-1.92,0.00,-5.17,-5.36,9.92,-1.30,2.36,1.39,0.00,0.00,0.45,0.24,-16.87,-1.31,10.06,-0.00,-127.38,-5.53,0.00,0.00,-1038.07,0.00,0.00,0.00,0.00,0.00,0.00,0.00,16.20 °C,16.20 °C,16.29 °C,16.20 °C,16.29 °C,16.20 °C,16.29 °C,15.99 °C,1369.68 °C,1369.68 °C,1369.68 °C,1369.68 °C,1369.68 °C,1369.68 °C,0,0,0,0,0,0,0,0,0,0,0,0,0,0,0,0,1,
57.950,-124.93,-124.93,-63.84,0.00,-1.92,0.00,-5.17,-5.36,9.92,-1.30,2.36,1.39,0.00,0.00,0.45,0.24,-16.95,-1.16,10.55,-0.00,-127.38,-5.53,0.00,0.00,-1038.07,0.00,0.00,0.00,0.00,0.00,0.00,0.00,16.20 °C,16.20 °C,16.20 °C,16.20 °C,16.20 °C,16.20 °C,16.20 °C,15.88 °C,1369.68 °C,1369.68 °C,1369.68 °C,1369.68 °C,1369.68 °C,1369.68 °C,0,0,0,0,0,0,0,0,0,0,0,0,0,0,0,0,1,
58.950,-124.93,-124.93,-63.84,0.00,-1.92,0.00,-5.05,-5.26,9.92,-1.30,2.36,1.39,0.00,0.00,0.45,0.24,-16.95,-1.05,9.75,-0.00,-127.38,-5.45,0.00,0.00,-1038.07,0.00,0.00,0.00,0.00,0.00,0.00,0.00,16.20 °C,16.20 °C,16.29 °C,16.20 °C,16.29 °C,16.20 °C,16.20 °C,15.99 °C,1369.68 °C,1369.68 °C,1369.68 °C,1369.68 °C,1369.68 °C,1369.68 °C,0,0,0,0,0,0,0,0,0,0,0,0,0,0,0,0,1,
59.950,-124.93,-124.93,-63.84,0.00,-1.92,0.00,-5.17,-5.13,9.92,-1.30,2.36,1.39,0.00,0.00,0.45,0.24,-17.02,-0.97,10.40,-0.00,-127.38,-5.53,0.00,0.00,-1038.07,0.00,0.00,0.00,0.00,0.00,0.00,0.00,16.20 °C,16.29 °C,16.20 °C,16.20 °C,16.20 °C,16.29 °C,16.20 °C,15.99 °C,1369.68 °C,1369.68 °C,1369.68 °C,1369.68 °C,1369.68 °C,1369.68 °C,0,0,0,0,0,0,0,0,0,0,0,0,0,0,0,0,1,
60.950,-124.93,-124.93,-63.84,0.00,-1.92,0.00,-5.17,-5.13,9.92,-1.30,2.36,1.39,0.00,0.00,0.45,0.24,-17.02,-0.90,10.06,-0.00,-127.38,-5.45,0.00,0.00,-1038.07,0.00,0.00,0.00,0.00,0.00,0.00,0.00,16.20 °C,16.20 °C,16.29 °C,16.20 °C,16.20 °C,16.20 °C,16.20 °C,15.99 °C,1369.68 °C,1369.68 °C,1369.68 °C,1369.68 °C,1369.68 °C,1369.68 °C,0,0,0,0,0,0,0,0,0,0,0,0,0,0,0,0,1,
61.950,-124.93,-124.93,-63.84,0.00,-1.92,0.00,-5.17,-5.04,9.92,-1.30,2.36,1.39,0.00,0.00,0.45,0.24,-17.17,-0.74,10.32,-0.00,-127.38,-5.53,0.00,0.00,-1038.07,0.00,0.00,0.00,0.00,0.00,0.00,0.00,16.20 °C,16.29 °C,16.20 °C,16.20 °C,16.29 °C,16.20 °C,16.29 °C,15.99 °C,1369.68 °C,1369.68 °C,1369.68 °C,1369.68 °C,1369.68 °C,1369.68 °C,0,0,0,0,0,0,0,0,0,0,0,0,0,0,0,0,1,
62.950,-124.93,-124.93,-63.84,0.00,-1.92,0.00,-5.05,-5.04,9.92,-1.30,2.36,1.39,0.00,0.00,0.45,0.24,-16.95,-1.16,10.06,-0.00,-127.38,-5.45,0.00,0.00,-1038.07,0.00,0.00,0.00,0.00,0.00,0.00,0.00,16.29 °C,16.29 °C,16.20 °C,16.20 °C,16.29 °C,16.20 °C,16.29 °C,15.99 °C,1369.68 °C,1369.68 °C,1369.68 °C,1369.68 °C,1369.68 °C,1369.68 °C,0,0,0,0,0,0,0,0,0,0,0,0,0,0,0,0,1,
63.950,-124.93,-124.93,-63.84,0.00,-1.92,0.00,-5.17,-5.26,9.92,-1.30,2.36,1.39,0.00,0.00,0.45,0.24,-16.95,-0.97,10.40,-0.00,-127.38,-5.45,0.00,0.00,-1038.07,0.00,0.00,0.00,0.00,0.00,0.00,0.00,16.20 °C,16.20 °C,16.29 °C,16.20 °C,16.29 °C,16.29 °C,16.20 °C,15.99 °C,1369.68 °C,1369.68 °C,1369.68 °C,1369.68 °C,1369.68 °C,1369.68 °C,0,0,0,0,0,0,0,0,0,0,0,0,0,0,0,0,1,
64.950,-124.93,-124.93,-63.84,0.00,-1.92,0.00,-5.17,-5.45,9.92,-1.30,2.36,1.39,0.00,0.00,0.45,0.24,-17.02,-1.24,10.06,-0.00,-127.38,-5.45,0.00,0.00,-1038.07,0.00,0.00,0.00,0.00,0.00,0.00,0.00,16.20 °C,16.29 °C,16.20 °C,16.20 °C,16.29 °C,16.20 °C,16.29 °C,15.99 °C,1369.68 °C,1369.68 °C,1369.68 °C,1369.68 °C,1369.68 °C,1369.68 °C,0,0,0,0,0,0,0,0,0,0,0,0,0,0,0,0,1,
65.950,-124.93,-124.93,-63.84,0.00,-1.92,0.00,-5.17,-5.77,9.92,-1.30,2.36,1.39,0.00,0.00,0.45,0.24,-16.95,-1.24,9.83,-0.00,-127.30,-5.45,0.00,0.00,-1038.07,0.00,0.00,0.00,0.00,0.00,0.00,0.00,16.20 °C,16.20 °C,16.29 °C,16.20 °C,16.29 °C,16.20 °C,16.29 °C,15.99 °C,1369.68 °C,1369.68 °C,1369.68 °C,1369.68 °C,1369.68 °C,1369.68 °C,0,0,0,0,0,0,0,0,0,0,0,0,0,0,0,0,1,
66.950,-124.93,-124.93,-63.84,0.00,-1.92,0.00,-5.17,-5.77,9.92,-1.30,2.36,1.39,0.00,0.00,0.45,0.24,-16.87,-1.16,9.83,-0.00,-127.30,-5.45,0.00,0.00,-1038.07,0.00,0.00,0.00,0.00,0.00,0.00,0.00,16.29 °C,16.20 °C,16.20 °C,16.20 °C,16.29 °C,16.20 °C,16.20 °C,15.99 °C,1369.68 °C,1369.68 °C,1369.68 °C,1369.68 °C,1369.68 °C,1369.68 °C,0,0,0,0,0,0,0,0,0,0,0,0,0,0,0,0,1,
67.950,-124.93,-124.93,-63.84,0.00,-1.88,0.00,-5.05,-6.04,9.92,-1.30,2.36,1.39,0.00,0.00,0.45,0.24,-17.02,-1.05,10.32,-0.00,-127.30,-5.45,0.00,0.00,-1038.07,0.00,0.00,0.00,0.00,0.00,0.00,0.00,16.20 °C,16.29 °C,16.20 °C,16.29 °C,16.29 °C,16.10 °C,16.20 °C,15.99 °C,1369.68 °C,1369.68 °C,1369.68 °C,1369.68 °C,1369.68 °C,1369.68 °C,0,0,0,0,0,0,0,0,0,0,0,0,0,0,0,0,1,
68.950,-124.93,-124.93,-63.84,0.00,-1.88,0.00,-5.05,-6.13,9.92,-1.30,2.36,1.39,0.00,0.00,0.45,0.24,-17.02,-0.90,10.25,-0.00,-127.38,-5.45,0.00,0.00,-1038.07,0.00,0.00,0.00,0.00,0.00,0.00,0.00,16.20 °C,16.29 °C,16.20 °C,16.20 °C,16.29 °C,16.29 °C,16.29 °C,15.99 °C,1369.68 °C,1369.68 °C,1369.68 °C,1369.68 °C,1369.68 °C,1369.68 °C,0,0,0,0,0,0,0,0,0,0,0,0,0,0,0,0,1,
69.950,-124.92,-124.93,-63.84,0.00,-1.88,0.00,-5.05,-6.13,9.92,-1.30,2.10,1.39,0.00,0.00,0.45,0.24,-16.95,-0.67,8.99,-0.00,-127.38,-5.45,0.00,0.00,-1038.07,0.00,0.00,0.00,0.00,0.00,0.00,0.00,16.20 °C,16.29 °C,16.20 °C,16.20 °C,16.20 °C,16.20 °C,16.20 °C,15.99 °C,1369.68 °C,1369.68 °C,1369.68 °C,1369.68 °C,1369.68 °C,1369.68 °C,0,0,0,0,0,0,0,0,0,0,0,0,0,0,0,0,1,
70.950,-124.93,-124.93,-63.84,0.00,-1.92,0.00,-5.05,-6.13,9.92,-1.30,2.10,1.39,0.00,0.00,0.45,0.24,-16.95,-0.90,10.13,-0.00,-127.38,-5.45,0.00,0.00,-1038.07,0.00,0.00,0.00,0.00,0.00,0.00,0.00,16.10 °C,16.20 °C,16.10 °C,16.20 °C,16.20 °C,16.20 °C,16.29 °C,15.99 °C,1369.68 °C,1369.68 °C,1369.68 °C,1369.68 °C,1369.68 °C,1369.68 °C,0,0,0,0,0,0,0,0,0,0,0,0,0,0,0,0,1,
71.950,-124.93,-124.93,-63.84,0.00,-1.88,0.00,-5.05,-5.86,9.92,-1.30,2.36,1.39,0.00,0.00,0.45,0.24,-16.95,-0.97,10.25,-0.00,-127.38,-5.53,0.00,0.00,-1038.07,0.00,0.00,0.00,0.00,0.00,0.00,0.00,16.20 °C,16.20 °C,16.20 °C,16.20 °C,16.20 °C,16.20 °C,16.20 °C,15.88 °C,1369.68 °C,1369.68 °C,1369.68 °C,1369.68 °C,1369.68 °C,1369.68 °C,0,0,0,0,0,0,0,0,0,0,0,0,0,0,0,0,1,
72.950,-124.93,-124.93,-63.84,0.00,-1.92,0.00,-5.05,-5.63,9.92,-1.30,3.10,1.39,0.00,0.00,0.45,0.24,-16.95,-1.31,9.83,-0.00,-127.38,-5.53,0.00,0.00,-1038.07,0.00,0.00,0.00,0.00,0.00,0.00,0.00,16.20 °C,16.20 °C,16.20 °C,16.20 °C,16.20 °C,16.20 °C,16.20 °C,15.99 °C,1369.68 °C,1369.68 °C,1369.68 °C,1369.68 °C,1369.68 °C,1369.68 °C,0,0,0,0,0,0,0,0,0,0,0,0,0,0,0,0,1,
73.950,-124.93,-124.93,-63.84,0.00,-1.88,0.00,-5.05,-5.54,9.92,-1.30,3.59,1.39,0.00,0.00,0.45,0.24,-16.95,-1.31,10.06,-0.00,-127.38,-5.53,0.00,0.00,-1038.07,0.00,0.00,0.00,0.00,0.00,0.00,0.00,16.20 °C,16.20 °C,16.20 °C,16.20 °C,16.20 °C,16.20 °C,16.20 °C,15.99 °C,1369.68 °C,1369.68 °C,1369.68 °C,1369.68 °C,1369.68 °C,1369.68 °C,0,0,0,0,0,0,0,0,0,0,0,0,0,0,0,0,1,
74.950,-124.93,-124.93,-63.84,0.00,-1.88,0.00,-5.05,-5.36,9.92,-1.30,5.53,1.39,0.00,0.00,0.45,0.24,-16.87,-1.31,10.06,-0.00,-127.38,-5.53,0.00,0.00,-1038.07,0.00,0.00,0.00,0.00,0.00,0.00,0.00,16.20 °C,16.20 °C,16.20 °C,16.20 °C,16.20 °C,16.20 °C,16.20 °C,15.99 °C,1369.68 °C,1369.68 °C,1369.68 °C,1369.68 °C,1369.68 °C,1369.68 °C,0,0,0,0,0,0,0,0,0,0,0,0,0,0,0,0,1,
75.951,-124.93,-124.93,-63.84,0.00,-1.88,0.00,-5.17,-5.13,9.92,-1.30,5.79,1.39,0.00,0.00,0.45,0.24,-16.95,-1.31,10.89,-0.00,-127.38,-5.53,0.00,0.00,-1038.07,0.00,0.00,0.00,0.00,0.00,0.00,0.00,16.20 °C,16.20 °C,16.20 °C,16.20 °C,16.20 °C,16.20 °C,16.20 °C,15.99 °C,1369.68 °C,1369.68 °C,1369.68 °C,1369.68 °C,1369.68 °C,1369.68 °C,0,0,0,0,0,0,0,0,0,0,0,0,0,0,0,0,1,
76.952,-124.93,-124.93,-63.84,0.00,-1.88,0.00,-5.17,-5.13,9.92,-1.56,6.28,1.39,0.00,0.00,0.45,0.24,-16.87,-1.05,9.75,-0.00,-127.38,-5.53,0.00,0.00,-1038.07,0.00,0.00,0.00,0.00,0.00,0.00,0.00,16.20 °C,16.20 °C,16.20 °C,16.20 °C,16.20 °C,16.20 °C,16.20 °C,15.99 °C,1369.68 °C,1369.68 °C,1369.68 °C,1369.68 °C,1369.68 °C,1369.68 °C,0,0,0,0,0,0,0,0,0,0,0,0,0,0,0,0,1,
77.952,-124.93,-124.93,-63.84,0.00,-1.88,0.00,-5.17,-4.94,9.92,-1.56,6.76,1.61,0.00,0.00,0.45,0.24,-16.95,-1.31,10.48,-0.00,-127.38,-5.53,0.00,0.00,-1038.07,0.00,0.00,0.00,0.00,0.00,0.00,0.00,16.20 °C,16.20 °C,16.20 °C,16.20 °C,16.20 °C,16.20 °C,16.20 °C,15.99 °C,1369.68 °C,1369.68 °C,1369.68 °C,1369.68 °C,1369.68 °C,1369.68 °C,0,0,0,0,0,0,0,0,0,0,0,0,0,0,0,0,1,
78.952,-124.93,-124.93,-63.84,0.00,-1.88,0.00,-5.17,-4.85,9.92,-1.56,6.98,1.61,0.00,0.00,0.45,0.24,-16.87,-1.31,9.33,-0.00,-127.38,-5.53,0.00,0.00,-1038.07,0.00,0.00,0.00,0.00,0.00,0.00,0.00,16.20 °C,16.20 °C,16.20 °C,16.20 °C,16.20 °C,16.20 °C,16.20 °C,15.99 °C,1369.68 °C,1369.68 °C,1369.68 °C,1369.68 °C,1369.68 °C,1369.68 °C,0,0,0,0,0,0,0,0,0,0,0,0,0,0,0,0,1,
79.952,-124.93,-124.93,-63.84,0.00,-1.92,0.00,-5.17,-4.53,9.92,-1.56,7.51,1.39,0.00,0.00,0.45,0.24,-16.87,-1.31,10.40,-0.00,-127.38,-5.53,0.00,0.00,-1038.07,0.00,0.00,0.00,0.00,0.00,0.00,0.00,16.10 °C,16.20 °C,16.20 °C,16.20 °C,16.20 °C,16.20 °C,16.29 °C,15.99 °C,1369.68 °C,1369.68 °C,1369.68 °C,1369.68 °C,1369.68 °C,1369.68 °C,0,0,0,0,0,0,0,0,0,0,0,0,0,0,0,0,1,
80.952,-124.93,-124.93,-63.84,0.00,-1.92,0.00,-5.17,-4.35,9.92,-1.56,8.48,1.61,0.00,0.00,0.45,0.24,-16.87,-1.31,10.74,-0.00,-127.38,-5.53,0.00,0.00,-1038.07,0.00,0.00,0.00,0.00,0.00,0.00,0.00,16.20 °C,16.20 °C,16.20 °C,16.20 °C,16.20 °C,16.20 °C,16.20 °C,15.88 °C,1369.68 °C,1369.68 °C,1369.68 °C,1369.68 °C,1369.68 °C,1369.68 °C,0,0,0,0,0,0,0,0,0,0,0,0,0,0,0,0,1,
81.952,-124.94,-124.93,-63.84,0.00,-1.92,0.00,-5.17,-4.35,9.92,-1.56,8.96,1.61,0.00,0.00,0.45,0.24,-17.10,-1.39,10.48,-0.00,-127.45,-5.53,0.00,0.00,-1038.07,0.00,0.00,0.00,0.00,0.00,0.00,0.00,16.20 °C,16.20 °C,16.20 °C,16.20 °C,16.20 °C,16.20 °C,16.20 °C,15.88 °C,1369.68 °C,1369.68 °C,1369.68 °C,1369.68 °C,1369.68 °C,1369.68 °C,0,0,0,0,0,0,0,0,0,0,0,0,0,0,0,0,1,
82.952,-124.94,-124.93,-63.84,0.00,-1.92,0.00,-5.24,-4.26,9.92,-1.56,8.96,1.61,0.00,0.00,0.45,0.24,-16.87,-1.39,10.48,-0.00,-127.45,-5.61,0.00,0.00,-1038.07,0.00,0.00,0.00,0.00,0.00,0.00,0.00,16.20 °C,16.20 °C,16.20 °C,16.10 °C,16.20 °C,16.10 °C,16.20 °C,15.99 °C,1369.68 °C,1369.68 °C,1369.68 °C,1369.68 °C,1369.68 °C,1369.68 °C,0,0,0,0,0,0,0,0,0,0,0,0,0,0,0,0,1,
83.952,-124.94,-124.93,-63.84,0.00,-1.92,0.00,-5.24,-4.17,9.92,-1.56,10.19,1.61,0.00,0.00,0.45,0.24,-16.87,-1.31,10.55,-0.00,-127.45,-5.53,0.00,0.00,-1038.07,0.00,0.00,0.00,0.00,0.00,0.00,0.00,16.20 °C,16.20 °C,16.10 °C,16.20 °C,16.29 °C,16.20 °C,16.20 °C,15.99 °C,1369.68 °C,1369.68 °C,1369.68 °C,1369.68 °C,1369.68 °C,1369.68 °C,0,0,0,0,0,0,0,0,0,0,0,0,0,0,0,0,1,
84.953,-124.94,-124.93,-63.84,0.00,-1.92,0.00,-5.24,-4.17,9.92,-1.56,10.42,1.39,0.00,0.00,0.45,0.24,-16.95,-1.31,10.40,-0.00,-127.45,-5.61,0.00,0.00,-1038.07,0.00,0.00,0.00,0.00,0.00,0.00,0.00,16.20 °C,16.20 °C,16.20 °C,16.20 °C,16.20 °C,16.10 °C,16.20 °C,15.88 °C,1369.68 °C,1369.68 °C,1369.68 °C,1369.68 °C,1369.68 °C,1369.68 °C,0,0,0,0,0,0,0,0,0,0,0,0,0,0,0,0,1,
85.953,-124.94,-124.93,-63.84,0.00,-1.92,0.00,-5.24,-4.03,9.92,-1.56,10.90,1.61,0.00,0.00,0.45,0.24,-16.87,-1.31,10.40,-0.00,-127.53,-5.61,0.00,0.00,-1038.07,0.00,0.00,0.00,0.00,0.00,0.00,0.00,16.20 °C,16.20 °C,16.20 °C,16.20 °C,16.20 °C,16.20 °C,16.20 °C,15.99 °C,1369.68 °C,1369.68 °C,1369.68 °C,1369.68 °C,1369.68 °C,1369.68 °C,0,0,0,0,0,0,0,0,0,0,0,0,0,0,0,0,1,
86.953,-124.94,-124.93,-63.84,0.00,-1.88,0.00,-5.24,-3.94,9.92,-1.56,11.16,1.61,0.00,0.00,0.45,0.24,-16.87,-1.31,9.83,-0.00,-127.45,-5.61,0.00,0.00,-1038.07,0.00,0.00,0.00,0.00,0.00,0.00,0.00,16.20 °C,16.20 °C,16.20 °C,16.20 °C,16.20 °C,16.20 °C,16.20 °C,15.99 °C,1369.68 °C,1369.68 °C,1369.68 °C,1369.68 °C,1369.68 °C,1369.68 °C,0,0,0,0,0,0,0,0,0,0,0,0,0,0,0,0,1,
87.953,-124.94,-124.93,-63.84,0.00,-1.92,0.00,-5.24,-4.03,9.92,-1.56,11.91,1.61,0.00,0.00,0.45,0.24,-16.95,-1.39,10.89,-0.00,-127.53,-5.61,0.00,0.00,-1038.07,0.00,0.00,0.00,0.00,0.00,0.00,0.00,16.20 °C,16.20 °C,16.20 °C,16.20 °C,16.20 °C,16.20 °C,16.20 °C,15.99 °C,1369.68 °C,1369.68 °C,1369.68 °C,1369.68 °C,1369.68 °C,1369.68 °C,0,0,0,0,0,0,0,0,0,0,0,0,0,0,0,0,1,
88.954,-124.94,-124.93,-63.84,0.00,-1.92,0.00,-5.24,-3.94,9.92,-1.56,12.13,1.61,0.00,0.00,0.45,0.24,-16.76,-1.39,10.74,-0.00,-127.53,-5.61,0.00,0.00,-1038.07,0.00,0.00,0.00,0.00,0.00,0.00,0.00,16.20 °C,16.20 °C,16.20 °C,16.20 °C,16.20 °C,16.20 °C,16.20 °C,15.99 °C,1369.68 °C,1369.68 °C,1369.68 °C,1369.68 °C,1369.68 °C,1369.68 °C,0,0,0,0,0,0,0,0,0,0,0,0,0,0,0,0,1,
89.955,-124.94,-124.93,-63.84,0.00,-1.88,0.00,-5.24,-3.85,9.92,-1.56,12.88,1.61,0.00,0.00,0.45,0.24,-16.60,-1.31,10.32,-0.00,-127.45,-5.61,0.00,0.00,-1038.07,0.00,0.00,0.00,0.00,0.00,0.00,0.00,16.20 °C,16.20 °C,16.20 °C,16.20 °C,16.20 °C,16.20 °C,16.20 °C,15.99 °C,1369.68 °C,1369.68 °C,1369.68 °C,1369.68 °C,1369.68 °C,1369.68 °C,0,0,0,0,0,0,0,0,0,0,0,0,0,0,0,0,1,
90.956,-124.94,-124.93,-63.84,0.00,-1.88,0.00,-5.24,-3.34,9.92,-1.56,13.85,1.61,0.00,0.00,0.45,0.24,-17.78,-1.24,10.48,-0.00,-127.45,-5.61,0.00,0.00,-1038.07,0.00,0.00,0.00,0.00,0.00,0.00,0.00,16.20 °C,16.10 °C,16.10 °C,16.20 °C,16.20 °C,16.20 °C,16.20 °C,15.88 °C,1369.68 °C,1369.68 °C,1369.68 °C,1369.68 °C,1369.68 °C,1369.68 °C,0,0,0,0,0,0,0,0,0,0,0,0,0,0,0,0,1,
91.957,-124.94,-124.93,-63.84,0.00,-1.92,0.00,-5.32,-2.84,9.92,-1.56,13.36,1.61,0.00,0.00,0.45,0.24,-16.87,-1.31,10.40,-0.00,-127.38,-5.53,0.00,0.00,-1038.07,0.00,0.00,0.00,0.00,0.00,0.00,0.00,16.29 °C,15.79 °C,16.20 °C,16.49 °C,16.29 °C,16.29 °C,16.20 °C,15.88 °C,1369.68 °C,1369.68 °C,1369.68 °C,1369.68 °C,1369.68 °C,1369.68 °C,0,0,0,0,0,0,0,0,0,0,0,0,0,0,0,0,1,
92.957,-124.94,-124.93,-63.84,0.00,-1.88,0.00,-5.32,-2.43,9.92,-1.56,12.39,1.61,0.00,0.00,0.45,0.24,-16.68,-1.31,10.13,-0.00,-127.30,-5.53,0.00,0.00,-1038.07,0.00,0.00,0.00,0.00,0.00,0.00,0.00,16.29 °C,16.39 °C,16.10 °C,16.00 °C,16.10 °C,16.20 °C,16.29 °C,15.78 °C,1369.68 °C,1369.68 °C,1369.68 °C,1369.68 °C,1369.68 °C,1369.68 °C,0,0,0,0,0,0,0,0,0,0,0,0,0,0,0,0,1,
93.958,-124.94,-124.93,-63.84,0.00,-1.92,0.00,-5.32,-3.25,9.92,-1.56,12.62,1.61,0.00,0.00,0.45,0.24,-16.68,-1.24,10.48,-0.00,-127.38,-5.61,0.00,0.00,-1038.07,0.00,0.00,0.00,0.00,0.00,0.00,0.00,16.29 °C,16.20 °C,16.20 °C,16.29 °C,16.29 °C,16.10 °C,16.29 °C,15.78 °C,1369.68 °C,1369.68 °C,1369.68 °C,1369.68 °C,1369.68 °C,1369.68 °C,0,0,0,0,0,0,0,0,0,0,0,0,0,0,0,0,1,
94.958,-124.94,-124.93,-63.84,0.00,-1.92,0.00,-5.17,-4.53,9.92,-1.56,12.13,1.61,0.00,0.00,0.45,0.24,-16.87,-1.16,10.48,-0.00,-127.38,-5.61,0.00,0.00,-1038.07,0.00,0.00,0.00,0.00,0.00,0.00,0.00,16.10 °C,16.20 °C,16.29 °C,16.20 °C,16.10 °C,16.10 °C,16.20 °C,15.78 °C,1369.68 °C,1369.68 °C,1369.68 °C,1369.68 °C,1369.68 °C,1369.68 °C,0,0,0,0,0,0,0,0,0,0,0,0,0,0,0,0,1,
95.959,-124.94,-124.93,-63.84,0.00,-1.92,0.00,-5.05,-5.13,9.92,-1.56,11.91,1.61,0.00,0.00,0.45,0.24,-16.87,-1.16,10.74,-0.00,-127.38,-5.72,0.00,0.00,-1038.07,0.00,0.00,0.00,0.00,0.00,0.00,0.00,16.10 °C,16.20 °C,16.10 °C,16.00 °C,16.20 °C,16.10 °C,16.20 °C,15.78 °C,1369.68 °C,1369.68 °C,1369.68 °C,1369.68 °C,1369.68 °C,1369.68 °C,0,0,0,0,0,0,0,0,0,0,0,0,0,0,0,0,1,
96.959,-124.95,-124.93,-63.84,0.00,-1.92,0.00,-5.17,-5.13,9.92,-1.56,11.91,1.61,0.00,0.00,0.45,0.24,-16.60,-1.16,10.06,-0.00,-127.38,-5.72,0.00,0.00,-1038.07,0.00,0.00,0.00,0.00,0.00,0.00,0.00,16.10 °C,16.20 °C,16.20 °C,16.20 °C,16.20 °C,16.10 °C,16.20 °C,15.78 °C,1369.68 °C,1369.68 °C,1369.68 °C,1369.68 °C,1369.68 °C,1369.68 °C,0,0,0,0,0,0,0,0,0,0,0,0,0,0,0,0,1,
97.959,-124.95,-124.93,-63.84,0.00,-1.92,0.00,-5.05,-5.13,9.92,-1.56,11.91,1.61,0.00,0.00,0.45,0.24,-17.10,-1.16,11.31,-0.00,-127.45,-5.72,0.00,0.00,-1038.07,0.00,0.00,0.00,0.00,0.00,0.00,0.00,16.20 °C,16.20 °C,16.20 °C,16.20 °C,16.20 °C,16.10 °C,16.20 °C,15.78 °C,1369.68 °C,1369.68 °C,1369.68 °C,1369.68 °C,1369.68 °C,1369.68 °C,0,0,0,0,0,0,0,0,0,0,0,0,0,0,0,0,1,
98.960,-124.95,-124.93,-63.84,0.00,-1.97,0.00,-5.05,-5.04,9.92,-1.56,11.91,1.61,0.00,0.00,0.45,0.24,-16.18,-2.07,11.65,-0.00,-127.38,-5.61,0.00,0.00,-1038.07,0.00,0.00,0.00,0.00,0.00,0.00,0.00,16.29 °C,16.10 °C,16.10 °C,16.10 °C,16.20 °C,16.20 °C,16.20 °C,15.88 °C,1369.68 °C,1369.68 °C,1369.68 °C,1369.68 °C,1369.68 °C,1369.68 °C,0,0,0,0,0,0,0,0,0,0,0,0,0,0,0,0,1,
99.960,-124.95,-124.94,-63.84,0.00,-1.97,0.00,-5.05,-4.94,9.92,-1.56,11.91,1.61,0.00,0.00,0.45,0.24,-16.26,-1.73,9.41,-0.00,-127.45,-5.61,0.00,0.00,-1038.07,0.00,0.00,0.00,0.00,0.00,0.00,0.00,16.20 °C,16.10 °C,16.20 °C,16.20 °C,16.20 °C,16.10 °C,16.20 °C,15.78 °C,1369.68 °C,1369.68 °C,1369.68 °C,1369.68 °C,1369.68 °C,1369.68 °C,0,0,0,0,0,0,0,0,0,0,0,0,0,0,0,0,1,
100.960,-124.95,-124.93,-63.84,0.00,-1.92,0.00,-5.05,-4.76,9.92,-1.56,11.91,3.33,0.00,0.00,0.45,0.25,-17.10,-0.74,11.39,-0.00,-127.45,-5.61,0.00,0.00,-1038.07,0.00,0.00,0.00,0.00,0.00,0.00,0.00,16.10 °C,16.20 °C,16.20 °C,16.20 °C,16.20 °C,16.10 °C,16.20 °C,15.78 °C,1369.68 °C,1369.68 °C,1369.68 °C,1369.68 °C,1369.68 °C,1369.68 °C,0,0,0,0,0,0,0,0,0,0,0,0,0,0,0,0,1,
101.961,-124.95,-124.94,-63.84,0.00,-1.92,0.00,-5.17,-4.76,9.92,-1.07,11.91,8.70,0.00,0.00,0.45,0.25,-16.53,-1.05,8.92,-0.00,-127.38,-5.61,0.00,0.00,-1038.07,0.00,0.00,0.00,0.00,0.00,0.00,0.00,16.10 °C,16.20 °C,16.20 °C,16.10 °C,16.20 °C,16.10 °C,16.20 °C,15.78 °C,1369.68 °C,1369.68 °C,1369.68 °C,1369.68 °C,1369.68 °C,1369.68 °C,0,0,0,0,0,0,0,0,0,0,0,0,0,0,0,0,1,
102.961,-124.95,-124.93,-63.84,0.00,-1.92,0.00,-5.17,-4.53,9.92,-1.07,12.13,22.88,0.00,0.00,0.45,0.25,-16.45,-1.31,10.25,-0.00,-127.38,-5.61,0.00,0.00,-1038.07,0.00,0.00,0.00,0.00,0.00,0.00,0.00,16.10 °C,16.20 °C,16.20 °C,16.20 °C,16.20 °C,16.10 °C,16.20 °C,15.78 °C,1369.68 °C,1369.68 °C,1369.68 °C,1369.68 °C,1369.68 °C,1369.68 °C,0,0,0,0,0,0,0,0,0,0,0,0,0,0,0,0,1,
103.961,-124.95,-124.93,-63.84,0.00,-1.92,0.00,-5.05,-4.53,9.92,-1.30,12.13,29.96,0.00,0.00,0.45,0.25,-16.45,-1.05,9.56,-0.00,-127.45,-5.61,0.00,0.00,-1040.38,0.00,0.00,0.00,0.00,0.00,0.00,0.00,16.10 °C,16.20 °C,16.10 °C,16.10 °C,16.20 °C,16.10 °C,16.20 °C,15.88 °C,1369.68 °C,1369.68 °C,1369.68 °C,1369.68 °C,1369.68 °C,1369.68 °C,0,0,0,0,0,0,0,0,0,0,0,0,0,0,0,0,1,
104.961,-124.95,-124.93,-63.84,0.00,-1.92,0.00,-5.05,-4.35,9.92,-1.07,12.13,37.09,0.00,0.00,0.45,0.25,-16.11,-1.58,9.83,-0.00,-127.38,-5.61,0.00,0.00,-1038.07,0.00,0.00,0.00,0.00,0.00,0.00,0.00,16.20 °C,16.20 °C,16.20 °C,16.20 °C,16.20 °C,16.10 °C,16.20 °C,15.88 °C,1369.68 °C,1369.68 °C,1369.68 °C,1369.68 °C,1369.68 °C,1369.68 °C,0,0,0,0,0,0,0,0,0,0,0,0,0,0,0,0,1,
105.962,-124.95,-124.93,-63.84,0.00,-1.92,0.00,-5.17,-4.35,9.92,-1.30,12.13,44.18,0.00,0.00,0.45,0.26,-16.53,-1.31,10.32,-0.00,-127.38,-5.61,0.00,0.00,-1038.07,0.00,0.00,0.00,0.00,0.00,0.00,0.00,16.20 °C,16.20 °C,16.20 °C,16.20 °C,16.20 °C,16.20 °C,16.20 °C,15.88 °C,1369.68 °C,1369.68 °C,1369.68 °C,1369.68 °C,1369.68 °C,1369.68 °C,0,0,0,0,0,0,0,0,0,0,0,0,0,0,0,0,1,
106.963,-124.95,-124.93,-63.84,0.00,-1.92,0.00,-5.05,-4.26,9.92,-1.30,11.91,58.35,0.00,0.00,0.45,0.26,-16.26,-1.47,10.25,-0.00,-127.38,-5.61,0.00,0.00,-1038.07,0.00,0.00,0.00,0.00,0.00,0.00,0.00,16.10 °C,16.20 °C,16.20 °C,16.10 °C,16.20 °C,16.20 °C,16.20 °C,15.88 °C,1369.68 °C,1369.68 °C,1369.68 °C,1369.68 °C,1369.68 °C,1369.68 °C,0,0,0,0,0,0,0,0,0,0,0,0,0,0,0,0,1,
107.963,-124.95,-124.93,-63.84,0.00,-1.92,0.00,-5.17,-4.03,9.92,-1.30,11.91,65.44,0.00,0.00,0.45,0.26,-16.26,-1.73,10.67,-0.00,-127.38,-5.61,0.00,0.00,-1038.07,0.00,0.00,0.00,0.00,0.00,0.00,0.00,16.20 °C,16.20 °C,16.10 °C,16.10 °C,16.20 °C,16.20 °C,16.20 °C,15.88 °C,1369.68 °C,1369.68 °C,1369.68 °C,1369.68 °C,1369.68 °C,1369.68 °C,0,0,0,0,0,0,0,0,0,0,0,0,0,0,0,0,1,
108.963,-124.95,-124.93,-63.84,0.00,-1.92,0.00,-5.17,-4.03,9.92,-1.30,11.91,76.19,0.00,0.00,0.45,0.26,-16.26,-1.88,10.32,-0.00,-127.45,-5.61,0.00,0.00,-1038.07,0.00,0.00,0.00,0.00,0.00,0.00,0.00,16.20 °C,16.10 °C,16.10 °C,16.10 °C,16.20 °C,16.20 °C,16.20 °C,15.88 °C,1369.68 °C,1369.68 °C,1369.68 °C,1369.68 °C,1369.68 °C,1369.68 °C,0,0,0,0,0,0,0,0,0,0,0,0,0,0,0,0,1,
109.963,-124.95,-124.94,-63.84,0.00,-1.92,0.00,-5.24,-3.85,9.92,-1.30,11.91,82.53,0.00,0.00,0.45,0.27,-16.60,-1.88,10.67,-0.00,-127.45,-5.61,0.00,0.00,-1038.07,0.00,0.00,0.00,0.00,0.00,0.00,0.00,16.10 °C,16.00 °C,16.10 °C,16.10 °C,16.20 °C,16.10 °C,16.10 °C,15.88 °C,1369.68 °C,1369.68 °C,1369.68 °C,1369.68 °C,1369.68 °C,1369.68 °C,0,0,0,0,0,0,0,0,0,0,0,0,0,0,0,0,1,
110.963,-124.95,-124.94,-63.84,0.00,-1.92,0.00,-5.17,-3.75,9.92,-1.30,11.91,88.91,0.00,0.00,0.45,0.27,-18.50,-1.73,12.23,-0.00,-127.38,-5.61,0.00,0.00,-1038.07,0.00,0.00,0.00,0.00,0.00,0.00,0.00,16.20 °C,16.20 °C,16.20 °C,16.10 °C,16.20 °C,16.10 °C,16.20 °C,15.88 °C,1369.68 °C,1369.68 °C,1369.68 °C,1369.68 °C,1369.68 °C,1369.68 °C,0,0,0,0,0,0,0,0,0,0,0,0,0,0,0,0,1,
111.963,-124.95,-124.94,-63.84,0.00,-1.92,0.00,-5.17,-3.75,9.92,-1.30,11.91,93.53,0.00,0.00,0.45,0.27,-17.17,-1.31,9.83,-0.00,-127.45,-5.53,0.00,0.00,-1038.07,0.00,0.00,0.00,0.00,0.00,0.00,0.00,16.10 °C,16.10 °C,16.20 °C,16.20 °C,16.20 °C,16.10 °C,16.20 °C,15.88 °C,1369.68 °C,1369.68 °C,1369.68 °C,1369.68 °C,1369.68 °C,1369.68 °C,0,0,0,0,0,0,0,0,0,0,0,0,0,0,0,0,1,
112.963,-124.95,-124.94,-63.84,0.00,-1.97,0.00,-5.17,-3.75,9.92,-1.30,11.91,105.55,0.00,0.00,0.45,0.27,-17.17,-1.24,10.67,-0.00,-127.45,-5.61,0.00,0.00,-1038.07,0.00,0.00,0.00,0.00,0.00,0.00,0.00,16.20 °C,16.10 °C,16.20 °C,16.20 °C,16.20 °C,16.20 °C,16.20 °C,15.88 °C,1369.68 °C,1369.68 °C,1369.68 °C,1369.68 °C,1369.68 °C,1369.68 °C,0,0,0,0,0,0,0,0,0,0,0,0,0,0,0,0,1,
113.963,-124.95,-124.94,-63.84,0.00,-1.97,0.00,-5.17,-3.75,9.92,-1.30,11.91,110.66,0.00,0.00,0.45,0.27,-17.25,-1.31,10.82,-0.00,-127.45,-5.53,0.00,0.00,-1038.07,0.00,0.00,0.00,0.00,0.00,0.00,0.00,16.20 °C,16.20 °C,16.20 °C,16.20 °C,16.20 °C,16.10 °C,16.20 °C,15.88 °C,1369.68 °C,1369.68 °C,1369.68 °C,1369.68 °C,1369.68 °C,1369.68 °C,0,0,0,0,0,0,0,0,0,0,0,0,0,0,0,0,1,
114.963,-124.95,-124.94,-63.84,0.00,-1.92,0.00,-5.17,-3.66,9.92,-1.30,11.91,93.53,0.00,0.00,0.45,0.27,-17.17,-1.16,10.82,-0.00,-127.45,-5.53,0.00,0.00,-1038.07,0.00,0.00,0.00,0.00,0.00,0.00,0.00,16.10 °C,16.20 °C,16.20 °C,16.20 °C,16.20 °C,16.20 °C,16.20 °C,15.88 °C,1369.68 °C,1369.68 °C,1369.68 °C,1369.68 °C,1369.68 °C,1369.68 °C,0,0,0,0,0,0,0,0,0,0,0,0,0,0,0,0,1,
115.963,-124.95,-124.94,-63.84,0.00,-1.92,0.00,-5.17,-3.66,9.92,-1.30,11.91,98.42,0.00,0.00,0.45,0.27,-17.10,-0.97,10.82,-0.00,-127.45,-5.53,0.00,0.00,-1038.07,0.00,0.00,0.00,0.00,0.00,0.00,0.00,16.10 °C,16.20 °C,16.20 °C,16.20 °C,16.20 °C,16.10 °C,16.20 °C,15.88 °C,1369.68 °C,1369.68 °C,1369.68 °C,1369.68 °C,1369.68 °C,1369.68 °C,0,0,0,0,0,0,0,0,0,0,0,0,0,0,0,0,1,
116.964,-124.95,-124.94,-63.84,0.00,-1.92,0.00,-5.24,-3.52,9.92,-1.30,11.91,96.97,0.00,0.00,0.45,0.27,-17.17,-0.97,10.48,-0.00,-127.45,-5.53,0.00,0.00,-1038.07,0.00,0.00,0.00,0.00,0.00,0.00,0.00,16.20 °C,16.20 °C,16.20 °C,16.10 °C,16.20 °C,16.20 °C,16.20 °C,15.99 °C,1369.68 °C,1369.68 °C,1369.68 °C,1369.68 °C,1369.68 °C,1369.68 °C,0,0,0,0,0,0,0,0,0,0,0,0,0,0,0,0,1,
117.964,-124.95,-124.94,-63.84,0.00,-1.92,0.00,-5.24,-3.52,9.92,-1.30,11.91,103.83,0.00,0.00,0.45,0.27,-16.53,-0.14,10.25,-0.00,-127.45,-5.53,0.00,0.00,-1038.07,0.00,0.00,0.00,0.00,0.00,0.00,0.00,16.10 °C,16.20 °C,16.20 °C,16.20 °C,16.20 °C,16.10 °C,16.20 °C,15.88 °C,1369.68 °C,1369.68 °C,1369.68 °C,1369.68 °C,1369.68 °C,1369.68 °C,0,0,0,0,0,0,0,0,0,0,0,0,0,0,0,0,1,
118.964,-124.94,-124.94,-63.84,0.00,-1.92,0.00,-5.24,-3.52,9.92,-1.30,11.91,109.43,0.00,0.00,0.45,0.27,-16.95,-1.05,10.48,-0.00,-127.45,-5.53,0.00,0.00,-1038.07,0.00,0.00,0.00,0.00,0.00,0.00,0.00,16.20 °C,16.20 °C,16.20 °C,16.20 °C,16.20 °C,16.10 °C,16.20 °C,15.88 °C,1369.68 °C,1369.68 °C,1369.68 °C,1369.68 °C,1369.68 °C,1369.68 °C,0,0,0,0,0,0,0,0,0,0,0,0,0,0,0,0,1,
119.965,-124.94,-124.93,-63.84,0.00,-1.92,0.00,-5.24,-3.43,9.92,-1.30,11.91,114.84,0.00,0.00,0.45,0.28,-17.17,-0.25,10.89,-0.00,-127.45,-5.53,0.00,0.00,-1038.07,0.00,0.00,0.00,0.00,0.00,0.00,0.00,16.20 °C,16.20 °C,16.10 °C,16.20 °C,16.20 °C,16.10 °C,16.20 °C,15.88 °C,1369.68 °C,1369.68 °C,1369.68 °C,1369.68 °C,1369.68 °C,1369.68 °C,0,0,0,0,0,0,0,0,0,0,0,0,0,0,0,0,1,
120.965,-124.95,-124.93,-63.84,0.00,-1.92,0.00,-5.24,-3.52,9.92,-1.30,11.91,124.13,0.00,0.00,0.45,0.28,-17.10,-0.97,10.97,-0.00,-127.45,-5.53,0.00,0.00,-1038.07,0.00,0.00,0.00,0.00,0.00,0.00,0.00,16.20 °C,16.10 °C,16.20 °C,16.10 °C,16.20 °C,16.10 °C,16.20 °C,15.99 °C,1369.68 °C,1369.68 °C,1369.68 °C,1369.68 °C,1369.68 °C,1369.68 °C,0,0,0,0,0,0,0,0,0,0,0,0,0,0,0,0,1,
121.965,-124.93,-124.94,-63.84,0.00,-1.92,0.00,-5.24,-3.52,9.92,-1.30,11.91,124.13,0.00,0.00,0.45,0.28,-17.02,-1.24,10.97,-0.00,-127.38,-5.53,0.00,0.00,-1038.07,0.00,0.00,0.00,0.00,0.00,0.00,0.00,16.20 °C,16.20 °C,16.20 °C,16.10 °C,16.20 °C,16.20 °C,16.20 °C,15.99 °C,1369.68 °C,1369.68 °C,1369.68 °C,1369.68 °C,1369.68 °C,1369.68 °C,0,0,0,0,0,0,0,0,0,0,0,0,0,0,0,0,1,
122.965,-124.93,-124.94,-63.84,0.00,-1.97,0.00,-5.17,-3.66,9.92,-1.30,11.91,134.39,0.00,0.00,0.45,0.28,-17.02,-1.39,11.24,-0.00,-127.38,-5.45,0.00,0.00,-1038.07,0.00,0.00,0.00,0.00,0.00,0.00,0.00,16.10 °C,16.10 °C,16.20 °C,16.10 °C,16.20 °C,16.10 °C,16.20 °C,15.99 °C,1369.68 °C,1369.68 °C,1369.68 °C,1369.68 °C,1369.68 °C,1369.68 °C,0,0,0,0,0,0,0,0,0,0,0,0,0,0,0,0,1,
123.965,-124.94,-124.94,-63.84,0.00,-1.92,0.00,-5.24,-3.66,9.92,-1.30,11.91,137.82,0.00,0.00,0.45,0.28,-16.95,-1.58,11.46,-0.00,-127.38,-5.45,0.00,0.00,-1038.07,0.00,0.00,0.00,0.00,0.00,0.00,0.00,16.20 °C,16.20 °C,16.10 °C,16.10 °C,16.20 °C,16.10 °C,16.20 °C,15.88 °C,1369.68 °C,1369.68 °C,1369.68 °C,1369.68 °C,1369.68 °C,1369.68 °C,0,0,0,0,0,0,0,0,0,0,0,0,0,0,0,0,1,
124.966,-124.94,-124.93,-63.84,0.00,-1.92,0.00,-5.17,-3.66,9.92,-1.30,11.91,119.46,0.00,0.00,0.45,0.27,-16.87,-1.39,11.31,-0.00,-127.38,-5.45,0.00,0.00,-1038.07,0.00,0.00,0.00,0.00,0.00,0.00,0.00,16.20 °C,16.10 °C,16.20 °C,16.10 °C,16.20 °C,16.10 °C,16.20 °C,15.99 °C,1369.68 °C,1369.68 °C,1369.68 °C,1369.68 °C,1369.68 °C,1369.68 °C,0,0,0,0,0,0,0,0,0,0,0,0,0,0,0,0,1,
125.967,-124.94,-124.94,-63.84,0.00,-1.97,0.00,-5.17,-3.66,9.92,-1.30,11.91,107.00,0.00,0.00,0.45,0.27,-17.36,-0.14,10.97,-0.00,-127.38,-5.53,0.00,0.00,-1038.07,0.00,0.00,0.00,0.00,0.00,0.00,0.00,16.10 °C,16.10 °C,16.20 °C,16.20 °C,16.20 °C,16.20 °C,16.20 °C,15.99 °C,1369.68 °C,1369.68 °C,1369.68 °C,1369.68 °C,1369.68 °C,1369.68 °C,0,0,0,0,0,0,0,0,0,0,0,0,0,0,0,0,1,
126.967,-124.94,-124.94,-63.84,0.00,-1.97,0.00,-5.05,-3.75,9.92,-1.30,11.91,93.31,0.00,0.00,0.45,0.27,-17.10,-0.67,10.74,-0.00,-127.38,-5.53,0.00,0.00,-1038.07,0.00,0.00,0.00,0.00,0.00,0.00,0.00,16.20 °C,16.20 °C,16.20 °C,16.20 °C,16.20 °C,16.10 °C,16.20 °C,15.88 °C,1369.68 °C,1369.68 °C,1369.68 °C,1369.68 °C,1369.68 °C,1369.68 °C,0,0,0,0,0,0,0,0,0,0,0,0,0,0,0,0,1,
127.967,-124.94,-124.94,-63.84,0.00,-1.97,0.00,-5.17,-3.66,9.92,-1.30,11.91,109.91,0.00,0.00,0.45,0.27,-17.02,-0.82,10.67,-0.00,-127.38,-5.53,0.00,0.00,-1038.07,0.00,0.00,0.00,0.00,0.00,0.00,0.00,16.10 °C,16.20 °C,16.10 °C,16.20 °C,16.20 °C,16.10 °C,16.20 °C,15.88 °C,1369.68 °C,1369.68 °C,1369.68 °C,1369.68 °C,1369.68 °C,1369.68 °C,0,0,0,0,0,0,0,0,0,0,0,0,0,0,0,0,1,
128.968,-124.94,-124.94,-63.84,0.00,-1.97,0.00,-5.05,-3.66,9.92,-1.56,11.91,115.81,0.00,0.00,0.45,0.28,-17.02,-1.05,11.46,-0.00,-127.38,-5.53,0.00,0.00,-1038.07,0.00,0.00,0.00,0.00,0.00,0.00,0.00,16.10 °C,16.20 °C,16.20 °C,16.20 °C,16.20 °C,16.10 °C,16.20 °C,15.99 °C,1369.68 °C,1369.68 °C,1369.68 °C,1369.68 °C,1369.68 °C,1369.68 °C,0,0,0,0,0,0,0,0,0,0,0,0,0,0,0,0,1,
129.968,-124.95,-124.94,-63.84,0.00,-1.97,0.00,-5.05,-3.75,9.92,-1.56,11.91,120.69,0.00,0.00,0.45,0.28,-17.10,-1.24,11.05,-0.00,-127.38,-5.53,0.00,0.00,-1038.07,0.00,0.00,0.00,0.00,0.00,0.00,0.00,16.20 °C,16.10 °C,16.10 °C,16.20 °C,16.20 °C,16.10 °C,16.20 °C,15.88 °C,1369.68 °C,1369.68 °C,1369.68 °C,1369.68 °C,1369.68 °C,1369.68 °C,0,0,0,0,0,0,0,0,0,0,0,0,0,0,0,0,1,
130.968,-124.95,-124.94,-63.84,0.00,-1.97,0.00,-5.05,-3.75,9.92,-1.56,11.91,129.50,0.00,0.00,0.45,0.28,-17.59,-1.05,11.31,-0.00,-127.38,-5.45,0.00,0.00,-1038.07,0.00,0.00,0.00,0.00,0.00,0.00,0.00,16.20 °C,16.20 °C,16.20 °C,16.20 °C,16.20 °C,16.10 °C,16.20 °C,15.99 °C,1369.68 °C,1369.68 °C,1369.68 °C,1369.68 °C,1369.68 °C,1369.68 °C,0,0,0,0,0,0,0,0,0,0,0,0,0,0,0,0,1,
131.969,-124.95,-124.94,-63.84,0.00,-1.97,0.00,-5.17,-3.75,9.92,-1.56,11.91,112.37,0.00,0.00,0.45,0.28,-17.17,-1.24,11.46,-0.00,-127.38,-5.45,0.00,0.00,-1038.07,0.00,0.00,0.00,0.00,0.00,0.00,0.00,16.10 °C,16.10 °C,16.20 °C,16.20 °C,16.20 °C,16.10 °C,16.20 °C,15.99 °C,1369.68 °C,1369.68 °C,1369.68 °C,1369.68 °C,1369.68 °C,1369.68 °C,0,0,0,0,0,0,0,0,0,0,0,0,0,0,0,0,1,
132.969,-124.95,-124.94,-63.84,0.00,-2.01,0.00,-5.05,-3.66,9.92,-1.56,11.91,101.15,0.00,0.00,0.45,0.27,-17.10,-1.05,11.39,-0.00,-127.38,-5.45,0.00,0.00,-1038.07,0.00,0.00,0.00,0.00,0.00,0.00,0.00,16.10 °C,16.10 °C,16.20 °C,16.20 °C,16.20 °C,16.20 °C,16.20 °C,15.88 °C,1369.68 °C,1369.68 °C,1369.68 °C,1369.68 °C,1369.68 °C,1369.68 °C,0,0,0,0,0,0,0,0,0,0,0,0,0,0,0,0,1,
133.969,-124.95,-124.94,-63.84,0.00,-1.97,0.00,-5.05,-3.52,9.92,-1.56,11.91,94.02,0.00,0.00,0.45,0.27,-17.10,-0.90,11.24,-0.00,-127.30,-5.53,0.00,0.00,-1038.07,0.00,0.00,0.00,0.00,0.00,0.00,0.00,16.20 °C,16.20 °C,16.20 °C,16.20 °C,16.20 °C,16.20 °C,16.20 °C,15.99 °C,1369.68 °C,1369.68 °C,1369.68 °C,1369.68 °C,1369.68 °C,1369.68 °C,0,0,0,0,0,0,0,0,0,0,0,0,0,0,0,0,1,
134.970,-124.95,-124.94,-63.84,0.00,-2.01,0.00,-5.05,-3.52,9.92,-1.56,11.91,88.91,0.00,0.00,0.45,0.27,-17.10,-0.90,11.39,-0.00,-127.38,-5.45,0.00,0.00,-1038.07,0.00,0.00,0.00,0.00,0.00,0.00,0.00,16.20 °C,16.20 °C,16.20 °C,16.20 °C,16.20 °C,16.10 °C,16.20 °C,15.99 °C,1369.68 °C,1369.68 °C,1369.68 °C,1369.68 °C,1369.68 °C,1369.68 °C,0,0,0,0,0,0,0,0,0,0,0,0,0,0,0,0,1,
135.970,-124.95,-124.94,-63.84,0.00,-2.01,0.00,-5.05,-3.43,9.92,-1.56,11.91,82.04,0.00,0.00,0.45,0.26,-17.10,-0.33,10.82,-0.00,-127.38,-5.45,0.00,0.00,-1038.07,0.00,0.00,0.00,0.00,0.00,0.00,0.00,16.20 °C,16.20 °C,16.20 °C,16.10 °C,16.20 °C,16.10 °C,16.20 °C,15.99 °C,1369.68 °C,1369.68 °C,1369.68 °C,1369.68 °C,1369.68 °C,1369.68 °C,0,0,0,0,0,0,0,0,0,0,0,0,0,0,0,0,1,
136.971,-124.95,-124.94,-63.84,0.00,-2.01,0.00,-5.05,-3.43,9.92,-1.56,11.91,78.65,0.00,0.00,0.45,0.26,-17.10,-0.82,10.74,-0.00,-127.30,-5.53,0.00,0.00,-1038.07,0.00,0.00,0.00,0.00,0.00,0.00,0.00,16.10 °C,16.20 °C,16.20 °C,16.20 °C,16.20 °C,16.20 °C,16.20 °C,15.88 °C,1369.68 °C,1369.68 °C,1369.68 °C,1369.68 °C,1369.68 °C,1369.68 °C,0,0,0,0,0,0,0,0,0,0,0,0,0,0,0,0,1,
137.971,-124.95,-124.94,-63.84,0.00,-2.01,0.00,-5.05,-3.34,9.92,-1.56,11.91,73.50,0.00,0.00,0.45,0.26,-17.10,-0.74,10.74,-0.00,-127.30,-5.45,0.00,0.00,-1038.07,0.00,0.00,0.00,0.00,0.00,0.00,0.00,16.20 °C,16.20 °C,16.10 °C,16.10 °C,16.20 °C,16.20 °C,16.20 °C,15.88 °C,1369.68 °C,1369.68 °C,1369.68 °C,1369.68 °C,1369.68 °C,1369.68 °C,0,0,0,0,0,0,0,0,0,0,0,0,0,0,0,0,1,
138.972,-124.95,-124.94,-63.84,0.00,-2.01,0.00,-5.05,-3.34,9.92,-1.56,11.91,71.30,0.00,0.00,0.45,0.26,-17.02,-0.97,10.74,-0.00,-127.30,-5.45,0.00,0.00,-1038.07,0.00,0.00,0.00,0.00,0.00,0.00,0.00,16.10 °C,16.20 °C,16.20 °C,16.20 °C,16.20 °C,16.10 °C,16.20 °C,15.99 °C,1369.68 °C,1369.68 °C,1369.68 °C,1369.68 °C,1369.68 °C,1369.68 °C,0,0,0,0,0,0,0,0,0,0,0,0,0,0,0,0,1,
139.973,-124.94,-124.94,-63.84,0.00,-2.01,0.00,-5.05,-3.25,9.92,-1.56,11.91,79.62,0.00,0.00,0.45,0.26,-17.25,-0.82,10.32,-0.00,-127.30,-5.45,0.00,0.00,-1038.07,0.00,0.00,0.00,0.00,0.00,0.00,0.00,16.10 °C,16.10 °C,16.20 °C,16.20 °C,16.20 °C,16.20 °C,16.20 °C,15.99 °C,1369.68 °C,1369.68 °C,1369.68 °C,1369.68 °C,1369.68 °C,1369.68 °C,0,0,0,0,0,0,0,0,0,0,0,0,0,0,0,0,1,
140.973,-124.94,-124.94,-63.84,0.00,-2.01,0.00,-5.05,-3.25,9.92,-1.56,11.91,87.68,0.00,0.00,0.45,0.27,-16.53,-1.66,9.91,-0.00,-127.38,-5.45,0.00,0.00,-1038.07,0.00,0.00,0.00,0.00,0.00,0.00,0.00,16.20 °C,16.20 °C,16.20 °C,16.10 °C,16.20 °C,16.10 °C,16.20 °C,15.99 °C,1369.68 °C,1369.68 °C,1369.68 °C,1369.68 °C,1369.68 °C,1369.68 °C,0,0,0,0,0,0,0,0,0,0,0,0,0,0,0,0,1,
141.973,-124.94,-124.94,-63.84,0.00,-2.01,0.00,-5.05,-3.25,9.92,-1.56,11.91,99.17,0.00,0.00,0.45,0.27,-16.87,-1.24,11.16,-0.00,-127.38,-5.45,0.00,0.00,-1038.07,0.00,0.00,0.00,0.00,0.00,0.00,0.00,16.20 °C,16.20 °C,16.20 °C,16.20 °C,16.20 °C,16.10 °C,16.20 °C,15.88 °C,1369.68 °C,1369.68 °C,1369.68 °C,1369.68 °C,1369.68 °C,1369.68 °C,0,0,0,0,0,0,0,0,0,0,0,0,0,0,0,0,1,
142.974,-124.94,-124.94,-63.84,0.00,-2.01,0.00,-5.05,-3.16,9.92,-1.56,11.65,104.54,0.00,0.00,0.45,0.27,-16.68,-1.31,11.58,-0.00,-127.30,-5.45,0.00,0.00,-1038.07,0.00,0.00,0.00,0.00,0.00,0.00,0.00,16.10 °C,16.20 °C,16.20 °C,16.10 °C,16.20 °C,16.20 °C,16.20 °C,15.99 °C,1369.68 °C,1369.68 °C,1369.68 °C,1369.68 °C,1369.68 °C,1369.68 °C,0,0,0,0,0,0,0,0,0,0,0,0,0,0,0,0,1,
143.974,-124.94,-124.94,-63.84,0.00,-2.01,0.00,-5.05,-3.25,9.92,-1.56,11.91,109.69,0.00,0.00,0.45,0.27,-16.87,-1.31,11.46,-0.00,-127.30,-5.45,0.00,0.00,-1038.07,0.00,0.00,0.00,0.00,0.00,0.00,0.00,16.10 °C,16.20 °C,16.20 °C,16.20 °C,16.20 °C,16.20 °C,16.20 °C,15.99 °C,1369.68 °C,1369.68 °C,1369.68 °C,1369.68 °C,1369.68 °C,1369.68 °C,0,0,0,0,0,0,0,0,0,0,0,0,0,0,0,0,1,
144.974,-124.94,-124.94,-63.84,0.00,-2.01,0.00,-5.05,-3.52,9.92,-1.56,11.65,114.09,0.00,0.00,0.45,0.27,-17.10,-0.55,10.74,-0.00,-127.38,-5.45,0.00,0.00,-1038.07,0.00,0.00,0.00,0.00,0.00,0.00,0.00,16.10 °C,16.20 °C,16.29 °C,16.39 °C,16.20 °C,16.29 °C,16.29 °C,15.88 °C,1369.68 °C,1369.68 °C,1369.68 °C,1369.68 °C,1369.68 °C,1369.68 °C,0,0,0,0,0,0,0,0,0,0,0,0,0,0,0,0,1,
145.974,-124.94,-124.94,-63.84,0.00,-2.01,0.00,-5.05,-3.07,8.79,-1.56,11.65,122.15,0.00,0.00,0.45,0.28,-16.87,-1.05,10.82,-0.00,-127.38,-5.45,0.00,0.00,-1038.07,0.00,0.00,0.00,0.00,0.00,0.00,0.00,16.20 °C,16.00 °C,16.20 °C,16.10 °C,16.20 °C,16.10 °C,16.10 °C,15.99 °C,1369.68 °C,1369.68 °C,1369.68 °C,1369.68 °C,1369.68 °C,1369.68 °C,0,0,0,0,0,0,0,0,0,0,0,0,0,0,0,0,1,
146.974,-124.94,-124.94,-63.84,0.00,-2.01,0.00,-5.17,-3.07,8.79,-1.56,11.65,125.80,0.00,0.00,0.45,0.28,-16.87,-1.05,10.89,-0.00,-127.38,-5.45,0.00,0.00,-1038.07,0.00,0.00,0.00,0.00,0.00,0.00,0.00,16.20 °C,16.20 °C,16.10 °C,16.20 °C,16.20 °C,16.10 °C,16.20 °C,15.88 °C,1369.68 °C,1369.68 °C,1369.68 °C,1369.68 °C,1369.68 °C,1369.68 °C,0,0,0,0,0,0,0,0,0,0,0,0,0,0,0,0,1,
147.975,-124.93,-124.94,-63.84,0.00,-1.97,0.00,-5.17,-3.52,8.79,-1.56,11.65,129.24,0.00,0.00,0.45,0.28,-16.95,-1.16,11.31,-0.00,-127.38,-5.45,0.00,0.00,-1038.07,0.00,0.00,0.00,0.00,0.00,0.00,0.00,16.20 °C,16.20 °C,16.20 °C,16.10 °C,16.20 °C,16.10 °C,16.20 °C,15.88 °C,1369.68 °C,1369.68 °C,1369.68 °C,1369.68 °C,1369.68 °C,1369.68 °C,0,0,0,0,0,0,0,0,0,0,0,0,0,0,0,0,1,
148.975,-124.93,-124.94,-63.84,0.00,-1.97,0.00,-5.05,-3.52,8.79,-1.56,11.65,134.12,0.00,0.00,0.45,0.28,-17.10,-0.67,10.67,-0.00,-127.30,-5.45,0.00,0.00,-1038.07,0.00,0.00,0.00,0.00,0.00,0.00,0.00,16.10 °C,16.10 °C,16.20 °C,16.10 °C,16.20 °C,16.10 °C,16.20 °C,15.99 °C,1369.68 °C,1369.68 °C,1369.68 °C,1369.68 °C,1369.68 °C,1369.68 °C,0,0,0,0,0,0,0,0,0,0,0,0,0,0,0,0,1,
149.975,-124.93,-124.94,-63.84,0.00,-1.97,0.00,-5.17,-3.75,8.79,-1.56,11.65,107.00,0.00,0.00,0.45,0.27,-17.17,-0.90,10.48,-0.00,-127.30,-5.45,0.00,0.00,-1038.07,0.00,0.00,0.00,0.00,0.00,0.00,0.00,16.20 °C,16.10 °C,16.20 °C,16.20 °C,16.20 °C,16.10 °C,16.20 °C,15.99 °C,1369.68 °C,1369.68 °C,1369.68 °C,1369.68 °C,1369.68 °C,1369.68 °C,0,0,0,0,0,0,0,0,0,0,0,0,0,0,0,0,1,
150.976,-124.95,-124.94,-63.84,0.00,-1.97,0.00,-5.17,-3.75,8.79,-1.56,11.65,97.45,0.00,0.00,0.45,0.27,-17.10,-0.55,10.55,-0.00,-127.38,-5.45,0.00,0.00,-1038.07,0.00,0.00,0.00,0.00,0.00,0.00,0.00,16.29 °C,16.00 °C,16.10 °C,16.10 °C,16.20 °C,16.10 °C,16.20 °C,15.99 °C,1369.68 °C,1369.68 °C,1369.68 °C,1369.68 °C,1369.68 °C,1369.68 °C,0,0,0,0,0,0,0,0,0,0,0,0,0,0,0,0,1,
151.976,-124.94,-124.94,-63.84,0.00,-1.97,0.00,-5.17,-3.94,8.79,-1.56,11.65,85.48,0.00,0.00,0.45,0.27,-17.10,-0.74,10.97,-0.00,-127.38,-5.45,0.00,0.00,-1038.07,0.00,0.00,0.00,0.00,0.00,0.00,0.00,16.20 °C,16.20 °C,16.20 °C,16.10 °C,16.20 °C,16.20 °C,16.20 °C,15.99 °C,1369.68 °C,1369.68 °C,1369.68 °C,1369.68 °C,1369.68 °C,1369.68 °C,0,0,0,0,0,0,0,0,0,0,0,0,0,0,0,0,1,
152.976,-124.94,-124.94,-63.84,0.00,-2.01,0.00,-5.17,-4.17,8.79,-1.56,11.65,81.07,0.00,0.00,0.45,0.26,-17.10,-0.74,10.89,-0.00,-127.38,-5.53,0.00,0.00,-1038.07,0.00,0.00,0.00,0.00,0.00,0.00,0.00,16.10 °C,16.20 °C,16.20 °C,16.20 °C,16.20 °C,16.20 °C,16.20 °C,15.88 °C,1369.68 °C,1369.68 °C,1369.68 °C,1369.68 °C,1369.68 °C,1369.68 °C,0,0,0,0,0,0,0,0,0,0,0,0,0,0,0,0,1,
153.976,-124.94,-124.94,-63.84,0.00,-2.01,0.00,-5.17,-4.03,8.79,-1.56,11.65,77.42,0.00,0.00,0.45,0.26,-16.95,-0.67,10.55,-0.00,-127.38,-5.53,0.00,0.00,-1038.07,0.00,0.00,0.00,0.00,0.00,0.00,0.00,16.20 °C,16.10 °C,16.20 °C,16.20 °C,16.20 °C,16.10 °C,16.20 °C,15.99 °C,1369.68 °C,1369.68 °C,1369.68 °C,1369.68 °C,1369.68 °C,1369.68 °C,0,0,0,0,0,0,0,0,0,0,0,0,0,0,0,0,1,
154.977,-124.94,-124.94,-63.84,0.00,-2.01,0.00,-5.17,-4.35,8.79,-1.56,11.65,74.47,0.00,0.00,0.45,0.26,-16.87,-0.90,10.48,-0.00,-127.38,-5.61,0.00,0.00,-1038.07,0.00,0.00,0.00,0.00,0.00,0.00,0.00,16.10 °C,16.20 °C,16.20 °C,16.20 °C,16.10 °C,16.20 °C,16.20 °C,15.99 °C,1369.68 °C,1369.68 °C,1369.68 °C,1369.68 °C,1369.68 °C,1369.68 °C,0,0,0,0,0,0,0,0,0,0,0,0,0,0,0,0,1,
155.977,-124.94,-124.94,-63.84,0.00,-1.97,0.00,-5.17,-4.53,8.79,-1.56,11.65,69.58,0.00,0.00,0.45,0.26,-16.95,-0.82,10.55,-0.00,-127.45,-5.61,0.00,0.00,-1038.07,0.00,0.00,0.00,0.00,0.00,0.00,0.00,16.10 °C,16.10 °C,16.20 °C,16.10 °C,16.20 °C,16.10 °C,16.20 °C,15.99 °C,1369.68 °C,1369.68 °C,1369.68 °C,1369.68 °C,1369.68 °C,1369.68 °C,0,0,0,0,0,0,0,0,0,0,0,0,0,0,0,0,1,
156.977,-124.94,-124.94,-63.84,0.00,-1.97,0.00,-5.05,-4.76,8.79,-1.56,11.65,67.64,0.00,0.00,0.45,0.26,-17.10,-0.55,10.25,-0.00,-127.45,-5.61,0.00,0.00,-1038.07,0.00,0.00,0.00,0.00,0.00,0.00,0.00,16.10 °C,16.10 °C,16.20 °C,16.20 °C,16.20 °C,16.10 °C,16.20 °C,15.99 °C,1369.68 °C,1369.68 °C,1369.68 °C,1369.68 °C,1369.68 °C,1369.68 °C,0,0,0,0,0,0,0,0,0,0,0,0,0,0,0,0,1,
157.977,-124.95,-124.94,-63.84,0.00,-1.97,0.00,-5.05,-4.94,8.79,-1.56,11.65,65.93,0.00,0.00,0.45,0.26,-17.02,-0.55,10.55,-0.00,-127.45,-5.61,0.00,0.00,-1038.07,0.00,0.00,0.00,0.00,0.00,0.00,0.00,16.10 °C,16.29 °C,16.10 °C,16.10 °C,16.10 °C,16.10 °C,16.20 °C,15.99 °C,1369.68 °C,1369.68 °C,1369.68 °C,1369.68 °C,1369.68 °C,1369.68 °C,0,0,0,0,0,0,0,0,0,0,0,0,0,0,0,0,1,
158.977,-124.95,-124.94,-63.84,0.00,-2.01,0.00,-5.05,-4.76,8.79,-1.56,11.65,78.39,0.00,0.00,0.45,0.27,-17.10,-0.74,10.40,-0.00,-127.53,-5.72,0.00,0.00,-1038.07,0.00,0.00,0.00,0.00,0.00,0.00,0.00,16.29 °C,16.29 °C,16.20 °C,16.39 °C,16.20 °C,16.20 °C,16.20 °C,15.99 °C,1369.68 °C,1369.68 °C,1369.68 °C,1369.68 °C,1369.68 °C,1369.68 °C,0,0,0,0,0,0,0,0,0,0,0,0,0,0,0,0,1,
159.977,-124.95,-124.94,-63.84,0.00,-2.01,0.00,-5.05,-4.62,8.79,-1.56,11.65,90.62,0.00,0.00,0.45,0.27,-17.25,-0.48,10.55,-0.00,-127.45,-5.61,0.00,0.00,-1040.38,0.00,0.00,0.00,0.00,0.00,0.00,0.00,16.10 °C,16.20 °C,16.20 °C,16.29 °C,16.20 °C,16.20 °C,16.20 °C,15.99 °C,1369.68 °C,1369.68 °C,1369.68 °C,1369.68 °C,1369.68 °C,1369.68 °C,0,0,0,0,0,0,0,0,0,0,0,0,0,0,0,0,1,
160.978,-124.95,-124.94,-63.84,0.00,-2.01,0.00,-5.05,-4.62,8.79,-1.56,11.65,90.62,0.00,0.00,0.45,0.27,-17.10,-1.05,10.55,-0.00,-127.45,-5.72,0.00,0.00,-1040.38,0.00,0.00,0.00,0.00,0.00,0.00,0.00,16.20 °C,16.10 °C,16.20 °C,16.20 °C,16.20 °C,16.20 °C,16.10 °C,15.99 °C,1369.68 °C,1369.68 °C,1369.68 °C,1369.68 °C,1369.68 °C,1369.68 °C,0,0,0,0,0,0,0,0,0,0,0,0,0,0,0,0,1,
161.979,-124.96,-124.94,-63.84,0.00,-2.01,0.00,-5.05,-5.77,8.79,-1.56,11.65,103.57,0.00,0.00,0.45,0.27,-17.10,-4.39,14.05,-0.00,-127.45,-5.72,0.00,0.00,-1040.38,0.00,0.00,0.00,0.00,0.00,0.00,0.00,16.10 °C,16.10 °C,16.10 °C,16.10 °C,16.20 °C,16.10 °C,16.10 °C,15.99 °C,1369.68 °C,1369.68 °C,1369.68 °C,1369.68 °C,1369.68 °C,1369.68 °C,0,0,0,0,0,0,0,0,0,0,0,0,0,0,0,0,1,
162.980,-124.96,-124.94,-63.84,0.00,-2.01,0.00,-4.98,-5.86,8.79,-1.56,11.65,107.97,0.00,0.00,0.45,0.27,-16.95,-2.91,11.39,-0.00,-127.53,-5.72,0.00,0.00,-1040.38,0.00,0.00,0.00,0.00,0.00,0.00,0.00,16.20 °C,16.10 °C,16.10 °C,16.20 °C,16.20 °C,16.10 °C,16.20 °C,15.99 °C,1369.68 °C,1369.68 °C,1369.68 °C,1369.68 °C,1369.68 °C,1369.68 °C,0,0,0,0,0,0,0,0,0,0,0,0,0,0,0,0,1,
163.980,-124.96,-124.94,-63.84,0.00,-2.01,0.00,-4.98,-5.86,9.92,-1.56,11.65,111.89,0.00,0.00,0.45,0.27,-16.60,-3.14,11.24,-0.00,-127.45,-5.72,0.00,0.00,-1040.38,0.00,0.00,0.00,0.00,0.00,0.00,0.00,16.10 °C,16.20 °C,16.20 °C,16.20 °C,16.10 °C,16.10 °C,16.20 °C,15.99 °C,1369.68 °C,1369.68 °C,1369.68 °C,1369.68 °C,1369.68 °C,1369.68 °C,0,0,0,0,0,0,0,0,0,0,0,0,0,0,0,0,1,
164.980,-124.96,-124.94,-63.84,0.00,-2.01,0.00,-4.98,-6.36,9.92,-1.56,11.65,115.55,0.00,0.00,0.45,0.28,-16.68,-3.14,11.81,-0.00,-127.53,-5.80,0.00,0.00,-1040.38,0.00,0.00,0.00,0.00,0.00,0.00,0.00,16.10 °C,16.10 °C,16.20 °C,16.20 °C,16.10 °C,16.20 °C,16.20 °C,15.99 °C,1369.68 °C,1369.68 °C,1369.68 °C,1369.68 °C,1369.68 °C,1369.68 °C,0,0,0,0,0,0,0,0,0,0,0,0,0,0,0,0,1,
165.980,-124.97,-124.94,-63.84,0.00,-2.01,0.00,-4.90,-6.23,9.92,-1.56,11.65,122.15,0.00,0.00,0.45,0.28,-16.76,-2.99,12.49,-0.00,-127.53,-5.80,0.00,0.00,-1040.38,0.00,0.00,0.00,0.00,0.00,0.00,0.00,16.10 °C,16.10 °C,16.20 °C,16.10 °C,16.10 °C,16.10 °C,16.10 °C,15.99 °C,1369.68 °C,1369.68 °C,1369.68 °C,1369.68 °C,1369.68 °C,1369.68 °C,0,0,0,0,0,0,0,0,0,0,0,0,0,0,0,0,1,
166.980,-124.97,-124.94,-63.84,0.00,-2.01,0.00,-4.98,-6.23,9.92,-1.56,11.65,126.07,0.00,0.00,0.45,0.28,-16.68,-3.06,12.07,-0.00,-127.53,-5.80,0.00,0.00,-1040.38,0.00,0.00,0.00,0.00,0.00,0.00,0.00,16.10 °C,16.10 °C,16.10 °C,16.20 °C,16.10 °C,16.10 °C,16.10 °C,15.99 °C,1369.68 °C,1369.68 °C,1369.68 °C,1369.68 °C,1369.68 °C,1369.68 °C,0,0,0,0,0,0,0,0,0,0,0,0,0,0,0,0,1,
167.980,-124.98,-124.94,-63.84,0.00,-2.01,0.00,-4.98,-6.04,9.92,-1.56,11.65,130.95,0.00,0.00,0.45,0.28,-16.76,-3.14,12.49,-0.00,-127.53,-5.80,0.00,0.00,-1040.38,0.00,0.00,0.00,0.00,0.00,0.00,0.00,16.10 °C,16.10 °C,16.10 °C,16.29 °C,16.20 °C,16.10 °C,16.10 °C,15.99 °C,1369.68 °C,1369.68 °C,1369.68 °C,1369.68 °C,1369.68 °C,1369.68 °C,0,0,0,0,0,0,0,0,0,0,0,0,0,0,0,0,1,
168.980,-124.97,-124.94,-63.84,0.00,-1.97,0.00,-5.05,-5.77,9.92,-1.56,11.65,135.62,0.00,0.00,0.45,0.28,-16.76,-2.99,12.99,-0.00,-127.53,-5.72,0.00,0.00,-1040.38,0.00,0.00,0.00,0.00,0.00,0.00,0.00,16.20 °C,16.10 °C,16.10 °C,16.10 °C,16.20 °C,16.20 °C,16.10 °C,15.99 °C,1369.68 °C,1369.68 °C,1369.68 °C,1369.68 °C,1369.68 °C,1369.68 °C,0,0,0,0,0,0,0,0,0,0,0,0,0,0,0,0,1,
169.980,-124.97,-124.94,-63.84,0.00,-1.97,0.00,-4.98,-5.54,9.92,-1.56,11.65,143.41,0.00,0.00,0.45,0.28,-16.76,-2.49,12.49,-0.00,-127.53,-5.72,0.00,0.00,-1040.38,0.00,0.00,0.00,0.00,0.00,0.00,0.00,16.10 °C,16.10 °C,16.10 °C,16.20 °C,16.20 °C,16.10 °C,16.10 °C,15.99 °C,1369.68 °C,1369.68 °C,1369.68 °C,1369.68 °C,1369.68 °C,1369.68 °C,0,0,0,0,0,0,0,0,0,0,0,0,0,0,0,0,1,
170.980,-124.96,-124.94,-63.84,0.00,-1.97,0.00,-5.05,-5.45,9.92,-1.56,11.65,146.58,0.00,0.00,0.45,0.28,-16.68,-2.91,12.64,-0.00,-127.53,-5.72,0.00,0.00,-1040.38,0.00,0.00,0.00,0.00,0.00,0.00,0.00,16.10 °C,16.10 °C,16.10 °C,16.29 °C,16.10 °C,16.10 °C,16.20 °C,15.99 °C,1369.68 °C,1369.68 °C,1369.68 °C,1369.68 °C,1369.68 °C,1369.68 °C,0,0,0,0,0,0,0,0,0,0,0,0,0,0,0,0,1,
171.980,-124.96,-124.94,-63.84,0.00,-1.97,0.00,-5.05,-5.26,9.92,-1.56,11.65,149.05,0.00,0.00,0.45,0.28,-16.68,-3.22,12.30,-0.00,-127.53,-5.72,0.00,0.00,-1040.38,0.00,0.00,0.00,0.00,0.00,0.00,0.00,16.20 °C,16.29 °C,16.10 °C,16.10 °C,16.10 °C,16.20 °C,16.29 °C,15.99 °C,1369.68 °C,1369.68 °C,1369.68 °C,1369.68 °C,1369.68 °C,1369.68 °C,0,0,0,0,0,0,0,0,0,0,0,0,0,0,0,0,1,
172.980,-124.97,-124.94,-63.84,0.00,-1.97,0.00,-4.98,-5.26,9.92,-1.56,11.65,151.25,0.00,0.00,0.45,0.28,-16.76,-2.99,12.30,-0.00,-127.53,-5.72,0.00,0.00,-1040.38,0.00,0.00,0.00,0.00,0.00,0.00,0.00,16.20 °C,16.20 °C,16.10 °C,16.10 °C,16.10 °C,16.10 °C,16.10 °C,15.99 °C,1369.68 °C,1369.68 °C,1369.68 °C,1369.68 °C,1369.68 °C,1369.68 °C,0,0,0,0,0,0,0,0,0,0,0,0,0,0,0,0,1,
173.980,-124.97,-124.94,-63.84,0.00,-2.01,0.00,-4.98,-5.13,9.92,-1.56,11.65,152.96,0.00,0.00,0.45,0.29,-16.76,-2.99,12.38,-0.00,-127.53,-5.72,0.00,0.00,-1040.38,0.00,0.00,0.00,0.00,0.00,0.00,0.00,16.10 °C,16.10 °C,16.20 °C,16.10 °C,16.10 °C,16.10 °C,16.10 °C,15.99 °C,1369.68 °C,1369.68 °C,1369.68 °C,1369.68 °C,1369.68 °C,1369.68 °C,0,0,0,0,0,0,0,0,0,0,0,0,0,0,0,0,1,
174.980,-124.95,-124.94,-63.84,0.00,-2.01,0.00,-4.98,-5.13,9.92,-1.56,11.65,155.16,0.00,0.00,0.45,0.29,-16.68,-3.06,11.88,-0.00,-127.61,-5.72,0.00,0.00,-1038.07,0.00,0.00,0.00,0.00,0.00,0.00,0.00,16.10 °C,16.10 °C,16.20 °C,16.20 °C,16.20 °C,16.20 °C,16.20 °C,15.99 °C,1369.68 °C,1369.68 °C,1369.68 °C,1369.68 °C,1369.68 °C,1369.68 °C,0,0,0,0,0,0,0,0,0,0,0,0,0,0,0,0,1,
175.980,-124.95,-124.94,-63.84,0.00,-2.01,0.00,-4.98,-5.13,9.92,-1.56,11.65,156.40,0.00,0.00,0.45,0.29,-16.68,-2.99,12.07,-0.00,-127.61,-5.72,0.00,0.00,-1038.07,0.00,0.00,0.00,0.00,0.00,0.00,0.00,16.10 °C,16.10 °C,16.10 °C,16.10 °C,16.10 °C,16.20 °C,16.10 °C,15.99 °C,1369.68 °C,1369.68 °C,1369.68 °C,1369.68 °C,1369.68 °C,1369.68 °C,0,0,0,0,0,0,0,0,0,0,0,0,0,0,0,0,1,
176.980,-124.96,-124.94,-63.84,0.00,-2.01,0.00,-4.98,-5.13,9.92,-1.56,11.91,158.11,0.00,0.00,0.45,0.29,-16.53,-3.06,12.00,-0.00,-127.53,-5.72,0.00,0.00,-1038.07,0.00,0.00,0.00,0.00,0.00,0.00,0.00,16.10 °C,16.10 °C,16.10 °C,16.10 °C,16.10 °C,16.10 °C,16.10 °C,15.99 °C,1369.68 °C,1369.68 °C,1369.68 °C,1369.68 °C,1369.68 °C,1369.68 °C,0,0,0,0,0,0,0,0,0,0,0,0,0,0,0,0,1,
177.981,-124.96,-124.94,-63.84,0.00,-2.01,0.00,-5.05,-5.13,9.92,-1.56,11.91,158.82,0.00,0.00,0.45,0.29,-16.68,-3.22,11.65,-0.00,-127.53,-5.72,0.00,0.00,-1038.07,0.00,0.00,0.00,0.00,0.00,0.00,0.00,16.10 °C,16.10 °C,16.10 °C,16.10 °C,16.20 °C,16.10 °C,16.10 °C,15.99 °C,1369.68 °C,1369.68 °C,1369.68 °C,1369.68 °C,1369.68 °C,1369.68 °C,0,0,0,0,0,0,0,0,0,0,0,0,0,0,0,0,1,
178.982,-124.96,-124.94,-63.84,0.00,-2.01,0.00,-4.98,-5.26,9.92,-1.56,11.65,159.57,0.00,0.00,0.45,0.29,-16.68,-3.06,11.65,-0.00,-127.53,-5.72,0.00,0.00,-1038.07,0.00,0.00,0.00,0.00,0.00,0.00,0.00,16.10 °C,16.20 °C,16.10 °C,16.10 °C,16.10 °C,16.10 °C,16.20 °C,15.99 °C,1369.68 °C,1369.68 °C,1369.68 °C,1369.68 °C,1369.68 °C,1369.68 °C,0,0,0,0,0,0,0,0,0,0,0,0,0,0,0,0,1,
179.982,-124.96,-124.94,-63.84,0.00,-2.01,0.00,-4.98,-5.36,9.92,-1.56,11.65,160.05,0.00,0.00,0.45,0.29,-16.68,-2.99,12.15,-0.00,-127.53,-5.72,0.00,0.00,-1038.07,0.00,0.00,0.00,0.00,0.00,0.00,0.00,16.20 °C,16.10 °C,16.10 °C,16.10 °C,16.20 °C,16.10 °C,16.20 °C,15.99 °C,1369.68 °C,1369.68 °C,1369.68 °C,1369.68 °C,1369.68 °C,1369.68 °C,0,0,0,0,0,0,0,0,0,0,0,0,0,0,0,0,1,
180.982,-124.96,-124.94,-63.84,0.00,-2.01,0.00,-4.98,-5.36,9.92,-1.56,11.65,160.54,0.00,0.00,0.45,0.29,-16.68,-2.99,12.00,-0.00,-127.53,-5.61,0.00,0.00,-1038.07,0.00,0.00,0.00,0.00,0.00,0.00,0.00,16.10 °C,16.10 °C,16.10 °C,16.10 °C,16.20 °C,16.10 °C,16.20 °C,15.99 °C,1369.68 °C,1369.68 °C,1369.68 °C,1369.68 °C,1369.68 °C,1369.68 °C,0,0,0,0,0,0,0,0,0,0,0,0,0,0,0,0,1,
181.982,-124.96,-124.94,-63.84,0.00,-2.01,0.00,-4.98,-5.36,9.92,-1.56,11.65,160.80,0.00,0.00,0.45,0.29,-16.76,-2.57,11.58,-0.00,-127.53,-5.72,0.00,0.00,-1038.07,0.00,0.00,0.00,0.00,0.00,0.00,0.00,16.10 °C,16.20 °C,16.10 °C,16.10 °C,16.20 °C,16.10 °C,16.10 °C,15.99 °C,1369.68 °C,1369.68 °C,1369.68 °C,1369.68 °C,1369.68 °C,1369.68 °C,0,0,0,0,0,0,0,0,0,0,0,0,0,0,0,0,1,
182.982,-124.96,-124.94,-63.84,0.00,-1.97,0.00,-4.98,-5.36,9.92,-1.56,11.65,160.80,0.00,0.00,0.45,0.29,-16.87,-2.80,11.81,-0.00,-127.53,-5.72,0.00,0.00,-1038.07,0.00,0.00,0.00,0.00,0.00,0.00,0.00,16.10 °C,16.10 °C,16.10 °C,16.10 °C,16.20 °C,16.10 °C,16.10 °C,15.99 °C,1369.68 °C,1369.68 °C,1369.68 °C,1369.68 °C,1369.68 °C,1369.68 °C,0,0,0,0,0,0,0,0,0,0,0,0,0,0,0,0,1,
183.982,-124.96,-124.94,-63.84,0.00,-1.97,0.00,-4.98,-5.36,9.92,-1.56,11.65,161.02,0.00,0.00,0.45,0.29,-17.02,-2.57,12.07,-0.00,-127.53,-5.61,0.00,0.00,-1038.07,0.00,0.00,0.00,0.00,0.00,0.00,0.00,16.10 °C,16.10 °C,16.20 °C,16.10 °C,16.20 °C,16.10 °C,16.20 °C,15.99 °C,1369.68 °C,1369.68 °C,1369.68 °C,1369.68 °C,1369.68 °C,1369.68 °C,0,0,0,0,0,0,0,0,0,0,0,0,0,0,0,0,1,
184.982,-124.96,-124.94,-63.84,0.00,-1.97,0.00,-5.05,-5.26,9.92,-1.56,11.65,161.28,0.00,0.00,0.45,0.29,-16.68,-2.72,11.46,-0.00,-127.45,-5.61,0.00,0.00,-1038.07,0.00,0.00,0.00,0.00,0.00,0.00,0.00,16.10 °C,16.10 °C,16.10 °C,16.10 °C,16.20 °C,16.10 °C,16.10 °C,15.99 °C,1369.68 °C,1369.68 °C,1369.68 °C,1369.68 °C,1369.68 °C,1369.68 °C,0,0,0,0,0,0,0,0,0,0,0,0,0,0,0,0,1,
185.982,-124.96,-124.94,-63.84,0.00,-1.97,0.00,-5.05,-5.26,9.92,-1.56,11.65,135.35,0.00,0.00,0.45,0.29,-16.76,-2.72,11.31,-0.00,-127.45,-5.61,0.00,0.00,-1038.07,0.00,0.00,0.00,0.00,0.00,0.00,0.00,16.10 °C,16.10 °C,16.10 °C,16.20 °C,16.20 °C,16.10 °C,16.20 °C,15.99 °C,1369.68 °C,1369.68 °C,1369.68 °C,1369.68 °C,1369.68 °C,1369.68 °C,0,0,0,0,0,0,0,0,0,0,0,0,0,0,0,0,1,
186.982,-124.95,-124.94,-63.84,0.00,-2.01,0.00,-5.05,-5.26,9.92,-1.56,11.65,119.95,0.00,0.00,0.45,0.28,-16.68,-2.57,11.24,-0.00,-127.45,-5.61,0.00,0.00,-1038.07,0.00,0.00,0.00,0.00,0.00,0.00,0.00,16.10 °C,16.10 °C,16.10 °C,16.10 °C,16.20 °C,16.10 °C,16.10 °C,15.99 °C,1369.68 °C,1369.68 °C,1369.68 °C,1369.68 °C,1369.68 °C,1369.68 °C,0,0,0,0,0,0,0,0,0,0,0,0,0,0,0,0,1,
187.983,-124.96,-124.94,-63.84,0.00,-1.97,0.00,-5.05,-5.26,9.92,-1.56,11.65,106.26,0.00,0.00,0.45,0.27,-16.87,-2.23,10.97,-0.00,-127.45,-5.61,0.00,0.00,-1038.07,0.00,0.00,0.00,0.00,0.00,0.00,0.00,16.10 °C,16.10 °C,16.10 °C,16.10 °C,16.10 °C,16.10 °C,16.10 °C,15.99 °C,1369.68 °C,1369.68 °C,1369.68 °C,1369.68 °C,1369.68 °C,1369.68 °C,0,0,0,0,0,0,0,0,0,0,0,0,0,0,0,0,1,
188.983,-124.95,-124.94,-63.84,0.00,-1.97,0.00,-5.05,-5.26,9.92,-1.56,11.65,100.14,0.00,0.00,0.45,0.27,-17.02,-2.15,11.65,-0.00,-127.45,-5.61,0.00,0.00,-1038.07,0.00,0.00,0.00,0.00,0.00,0.00,0.00,16.10 °C,16.10 °C,16.10 °C,16.10 °C,16.20 °C,16.10 °C,16.10 °C,15.99 °C,1369.68 °C,1369.68 °C,1369.68 °C,1369.68 °C,1369.68 °C,1369.68 °C,0,0,0,0,0,0,0,0,0,0,0,0,0,0,0,0,1,
189.983,-124.95,-124.94,-63.84,0.00,-1.97,0.00,-5.05,-5.13,9.92,-1.56,11.65,95.25,0.00,0.00,0.45,0.27,-16.76,-1.96,11.46,-0.00,-127.45,-5.53,0.00,0.00,-1038.07,0.00,0.00,0.00,0.00,0.00,0.00,0.00,16.10 °C,16.10 °C,16.10 °C,16.10 °C,16.10 °C,16.10 °C,16.10 °C,15.99 °C,1369.68 °C,1369.68 °C,1369.68 °C,1369.68 °C,1369.68 °C,1369.68 °C,0,0,0,0,0,0,0,0,0,0,0,0,0,0,0,0,1,
190.984,-124.95,-124.94,-63.84,0.00,-1.97,0.00,-5.05,-5.13,8.79,-1.56,11.65,88.91,0.00,0.00,0.45,0.27,-17.02,-1.88,10.97,-0.00,-127.45,-5.61,0.00,0.00,-1038.07,0.00,0.00,0.00,0.00,0.00,0.00,0.00,16.20 °C,16.10 °C,16.10 °C,16.10 °C,16.10 °C,16.10 °C,16.20 °C,15.99 °C,1369.68 °C,1369.68 °C,1369.68 °C,1369.68 °C,1369.68 °C,1369.68 °C,0,0,0,0,0,0,0,0,0,0,0,0,0,0,0,0,1,
191.984,-124.95,-124.94,-63.84,0.00,-1.97,0.00,-5.05,-5.04,9.92,-1.56,11.65,87.68,0.00,0.00,0.45,0.26,-16.87,-1.88,11.24,-0.00,-127.45,-5.61,0.00,0.00,-1038.07,0.00,0.00,0.00,0.00,0.00,0.00,0.00,16.10 °C,16.10 °C,16.20 °C,16.10 °C,16.20 °C,16.10 °C,16.10 °C,15.99 °C,1369.68 °C,1369.68 °C,1369.68 °C,1369.68 °C,1369.68 °C,1369.68 °C,0,0,0,0,0,0,0,0,0,0,0,0,0,0,0,0,1,
192.985,-124.95,-124.94,-63.84,0.00,-1.97,0.00,-5.05,-5.04,8.79,-1.56,11.65,86.93,0.00,0.00,0.45,0.26,-16.87,-1.88,11.05,-0.00,-127.45,-5.61,0.00,0.00,-1038.07,0.00,0.00,0.00,0.00,0.00,0.00,0.00,16.10 °C,16.10 °C,16.10 °C,16.10 °C,16.10 °C,16.10 °C,16.10 °C,16.09 °C,1369.68 °C,1369.68 °C,1369.68 °C,1369.68 °C,1369.68 °C,1369.68 °C,0,0,0,0,0,0,0,0,0,0,0,0,0,0,0,0,1,
193.985,-124.95,-124.94,-63.84,0.00,-1.97,0.00,-5.05,-4.94,9.92,-1.56,11.65,86.22,0.00,0.00,0.45,0.27,-16.76,-1.88,11.16,-0.00,-127.45,-5.53,0.00,0.00,-1038.07,0.00,0.00,0.00,0.00,0.00,0.00,0.00,16.10 °C,16.10 °C,16.10 °C,16.10 °C,16.10 °C,16.10 °C,16.10 °C,15.99 °C,1369.68 °C,1369.68 °C,1369.68 °C,1369.68 °C,1369.68 °C,1369.68 °C,0,0,0,0,0,0,0,0,0,0,0,0,0,0,0,0,1,
194.985,-124.95,-124.94,-63.84,0.00,-1.97,0.00,-5.05,-4.94,9.92,-1.56,11.65,84.99,0.00,0.00,0.45,0.27,-16.68,-2.07,11.24,-0.00,-127.45,-5.53,0.00,0.00,-1038.07,0.00,0.00,0.00,0.00,0.00,0.00,0.00,16.10 °C,16.10 °C,16.10 °C,16.10 °C,16.20 °C,16.10 °C,16.10 °C,15.99 °C,1369.68 °C,1369.68 °C,1369.68 °C,1369.68 °C,1369.68 °C,1369.68 °C,0,0,0,0,0,0,0,0,0,0,0,0,0,0,0,0,1,
195.985,-124.95,-124.94,-63.84,0.00,-1.97,0.00,-5.05,-4.94,9.92,-1.56,11.65,84.25,0.00,0.00,0.45,0.26,-16.76,-1.96,11.05,-0.00,-127.45,-5.53,0.00,0.00,-1038.07,0.00,0.00,0.00,0.00,0.00,0.00,0.00,16.10 °C,16.10 °C,16.20 °C,16.10 °C,16.20 °C,16.10 °C,16.20 °C,15.99 °C,1369.68 °C,1369.68 °C,1369.68 °C,1369.68 °C,1369.68 °C,1369.68 °C,0,0,0,0,0,0,0,0,0,0,0,0,0,0,0,0,1,
196.986,-124.95,-124.94,-63.84,0.00,-1.97,0.00,-5.05,-4.85,9.92,-1.56,11.65,84.02,0.00,0.00,0.45,0.27,-16.95,-1.81,11.16,-0.00,-127.45,-5.53,0.00,0.00,-1038.07,0.00,0.00,0.00,0.00,0.00,0.00,0.00,16.10 °C,16.10 °C,16.20 °C,16.10 °C,16.20 °C,16.10 °C,16.20 °C,16.09 °C,1369.68 °C,1369.68 °C,1369.68 °C,1369.68 °C,1369.68 °C,1369.68 °C,0,0,0,0,0,0,0,0,0,0,0,0,0,0,0,0,1,
197.986,-124.95,-124.93,-63.84,0.00,-1.97,0.00,-5.05,-4.85,9.92,-1.56,11.65,101.85,0.00,0.00,0.45,0.27,-16.76,-1.96,11.05,-0.00,-127.45,-5.53,0.00,0.00,-1038.07,0.00,0.00,0.00,0.00,0.00,0.00,0.00,16.10 °C,16.10 °C,16.10 °C,16.10 °C,16.20 °C,16.10 °C,16.10 °C,15.99 °C,1369.68 °C,1369.68 °C,1369.68 °C,1369.68 °C,1369.68 °C,1369.68 °C,0,0,0,0,0,0,0,0,0,0,0,0,0,0,0,0,1,
198.986,-124.95,-124.94,-63.84,0.00,-1.97,0.00,-5.05,-4.85,9.92,-1.56,11.65,118.98,0.00,0.00,0.45,0.27,-16.95,-1.96,11.24,-0.00,-127.45,-5.53,0.00,0.00,-1038.07,0.00,0.00,0.00,0.00,0.00,0.00,0.00,16.20 °C,16.10 °C,16.10 °C,16.10 °C,16.20 °C,16.10 °C,16.10 °C,15.99 °C,1369.68 °C,1369.68 °C,1369.68 °C,1369.68 °C,1369.68 °C,1369.68 °C,0,0,0,0,0,0,0,0,0,0,0,0,0,0,0,0,1,
199.986,-124.95,-124.94,-63.84,0.00,-1.97,0.00,-5.05,-4.85,9.92,-1.56,11.65,126.33,0.00,0.00,0.45,0.28,-16.87,-1.58,10.55,-0.00,-127.45,-5.53,0.00,0.00,-1038.07,0.00,0.00,0.00,0.00,0.00,0.00,0.00,16.10 °C,16.10 °C,16.10 °C,16.10 °C,16.20 °C,16.10 °C,16.10 °C,16.09 °C,1369.68 °C,1369.68 °C,1369.68 °C,1369.68 °C,1369.68 °C,1369.68 °C,0,0,0,0,0,0,0,0,0,0,0,0,0,0,0,0,1,
200.986,-124.95,-124.94,-63.84,0.00,-1.97,0.00,-5.05,-4.85,9.92,-1.56,11.65,135.84,0.00,0.00,0.45,0.28,-16.87,-2.49,10.67,-0.00,-127.38,-5.53,0.00,0.00,-1038.07,0.00,0.00,0.00,0.00,0.00,0.00,0.00,16.10 °C,16.10 °C,16.10 °C,16.10 °C,16.10 °C,16.10 °C,16.10 °C,15.99 °C,1369.68 °C,1369.68 °C,1369.68 °C,1369.68 °C,1369.68 °C,1369.68 °C,0,0,0,0,0,0,0,0,0,0,0,0,0,0,0,0,1,
201.987,-124.96,-124.94,-63.84,0.00,-1.97,0.00,-5.05,-4.85,9.92,-1.56,11.65,141.21,0.00,0.00,0.45,0.28,-16.68,-2.38,10.97,-0.00,-127.38,-5.53,0.00,0.00,-1038.07,0.00,0.00,0.00,0.00,0.00,0.00,0.00,16.10 °C,16.10 °C,16.10 °C,16.10 °C,16.20 °C,16.10 °C,16.10 °C,15.99 °C,1369.68 °C,1369.68 °C,1369.68 °C,1369.68 °C,1369.68 °C,1369.68 °C,0,0,0,0,0,0,0,0,0,0,0,0,0,0,0,0,1,
202.988,-124.95,-124.94,-63.84,0.00,-1.97,0.00,-5.05,-4.85,9.92,-1.56,11.65,145.61,0.00,0.00,0.45,0.28,-16.68,-2.65,11.58,-0.00,-127.38,-5.53,0.00,0.00,-1038.07,0.00,0.00,0.00,0.00,0.00,0.00,0.00,16.10 °C,16.10 °C,16.10 °C,16.10 °C,16.20 °C,16.10 °C,16.10 °C,15.99 °C,1369.68 °C,1369.68 °C,1369.68 °C,1369.68 °C,1369.68 °C,1369.68 °C,0,0,0,0,0,0,0,0,0,0,0,0,0,0,0,0,1,
203.988,-124.96,-124.94,-63.84,0.00,-1.97,0.00,-5.05,-4.76,9.92,-1.56,11.65,149.31,0.00,0.00,0.45,0.28,-16.87,-2.57,11.24,-0.00,-127.38,-5.53,0.00,0.00,-1038.07,0.00,0.00,0.00,0.00,0.00,0.00,0.00,16.10 °C,16.10 °C,16.10 °C,16.10 °C,16.20 °C,16.10 °C,16.10 °C,16.09 °C,1369.68 °C,1369.68 °C,1369.68 °C,1369.68 °C,1369.68 °C,1369.68 °C,0,0,0,0,0,0,0,0,0,0,0,0,0,0,0,0,1,
204.988,-124.96,-124.94,-63.84,0.00,-1.97,0.00,-5.05,-4.76,9.92,-1.56,11.65,155.39,0.00,0.00,0.45,0.28,-16.76,-2.49,11.58,-0.00,-127.30,-5.53,0.00,0.00,-1038.07,0.00,0.00,0.00,0.00,0.00,0.00,0.00,16.10 °C,16.10 °C,16.10 °C,16.10 °C,16.10 °C,16.10 °C,16.10 °C,15.99 °C,1369.68 °C,1369.68 °C,1369.68 °C,1369.68 °C,1369.68 °C,1369.68 °C,0,0,0,0,0,0,0,0,0,0,0,0,0,0,0,0,1,
205.988,-124.96,-124.94,-63.84,0.00,-1.97,0.00,-5.05,-4.76,9.92,-1.56,11.65,157.59,0.00,0.00,0.45,0.28,-16.76,-2.38,12.00,-0.00,-127.38,-5.53,0.00,0.00,-1038.07,0.00,0.00,0.00,0.00,0.00,0.00,0.00,16.10 °C,16.10 °C,16.10 °C,16.10 °C,16.10 °C,16.10 °C,16.10 °C,16.09 °C,1369.68 °C,1369.68 °C,1369.68 °C,1369.68 °C,1369.68 °C,1369.68 °C,0,0,0,0,0,0,0,0,0,0,0,0,0,0,0,0,1,
206.988,-124.95,-124.94,-63.84,0.00,-1.92,0.00,-5.05,-4.62,9.92,-1.56,11.65,131.44,0.00,0.00,0.45,0.28,-16.60,-2.57,11.88,-0.00,-127.38,-5.45,0.00,0.00,-1038.07,0.00,0.00,0.00,0.00,0.00,0.00,0.00,16.10 °C,16.10 °C,16.10 °C,16.10 °C,16.10 °C,16.10 °C,16.10 °C,16.09 °C,1369.68 °C,1369.68 °C,1369.68 °C,1369.68 °C,1369.68 °C,1369.68 °C,0,0,0,0,0,0,0,0,0,0,0,0,0,0,0,0,1,
207.988,-124.95,-124.94,-63.84,0.00,-1.92,0.00,-5.17,-4.76,9.92,-1.56,11.65,118.72,0.00,0.00,0.45,0.27,-16.87,-2.15,11.46,-0.00,-127.38,-5.45,0.00,0.00,-1038.07,0.00,0.00,0.00,0.00,0.00,0.00,0.00,16.10 °C,16.10 °C,16.10 °C,16.10 °C,16.20 °C,16.10 °C,16.10 °C,16.09 °C,1369.68 °C,1369.68 °C,1369.68 °C,1369.68 °C,1369.68 °C,1369.68 °C,0,0,0,0,0,0,0,0,0,0,0,0,0,0,0,0,1,
208.989,-124.95,-124.93,-63.84,0.00,-1.92,0.00,-5.17,-4.76,9.92,-1.56,11.65,110.66,0.00,0.00,0.45,0.27,-16.87,-1.96,11.16,-0.00,-127.38,-5.45,0.00,0.00,-1038.07,0.00,0.00,0.00,0.00,0.00,0.00,0.00,16.10 °C,16.10 °C,16.20 °C,16.10 °C,16.10 °C,16.10 °C,16.10 °C,15.99 °C,1369.68 °C,1369.68 °C,1369.68 °C,1369.68 °C,1369.68 °C,1369.68 °C,0,0,0,0,0,0,0,0,0,0,0,0,0,0,0,0,1,
209.989,-124.95,-124.93,-63.84,0.00,-1.92,0.00,-5.17,-4.76,9.92,-1.56,11.65,100.62,0.00,0.00,0.45,0.27,-16.87,-1.81,11.24,-0.00,-127.38,-5.53,0.00,0.00,-1038.07,0.00,0.00,0.00,0.00,0.00,0.00,0.00,16.10 °C,16.10 °C,16.10 °C,16.10 °C,16.20 °C,16.10 °C,16.10 °C,16.09 °C,1369.68 °C,1369.68 °C,1369.68 °C,1369.68 °C,1369.68 °C,1369.68 °C,0,0,0,0,0,0,0,0,0,0,0,0,0,0,0,0,1,
210.989,-124.95,-124.94,-63.84,0.00,-1.92,0.00,-5.17,-4.85,9.92,-1.56,11.65,97.23,0.00,0.00,0.45,0.27,-16.95,-1.96,11.31,-0.00,-127.38,-5.45,0.00,0.00,-1038.07,0.00,0.00,0.00,0.00,0.00,0.00,0.00,16.10 °C,16.10 °C,16.20 °C,16.10 °C,16.20 °C,16.10 °C,16.20 °C,16.09 °C,1369.68 °C,1369.68 °C,1369.68 °C,1369.68 °C,1369.68 °C,1369.68 °C,0,0,0,0,0,0,0,0,0,0,0,0,0,0,0,0,1,
211.989,-124.95,-124.93,-63.84,0.00,-1.92,0.00,-5.17,-4.94,9.92,-1.56,11.65,94.54,0.00,0.00,0.45,0.27,-16.87,-1.96,11.24,-0.00,-127.30,-5.45,0.00,0.00,-1038.07,0.00,0.00,0.00,0.00,0.00,0.00,0.00,16.10 °C,16.20 °C,16.20 °C,16.10 °C,16.10 °C,16.10 °C,16.20 °C,16.09 °C,1369.68 °C,1369.68 °C,1369.68 °C,1369.68 °C,1369.68 °C,1369.68 °C,0,0,0,0,0,0,0,0,0,0,0,0,0,0,0,0,1,
212.989,-124.95,-124.94,-63.84,0.00,-1.92,0.00,-5.17,-4.94,9.92,-1.56,11.65,92.34,0.00,0.00,0.45,0.27,-16.87,-2.15,11.05,-0.00,-127.30,-5.45,0.00,0.00,-1038.07,0.00,0.00,0.00,0.00,0.00,0.00,0.00,16.10 °C,16.20 °C,16.29 °C,16.20 °C,16.20 °C,16.10 °C,16.10 °C,16.09 °C,1369.68 °C,1369.68 °C,1369.68 °C,1369.68 °C,1369.68 °C,1369.68 °C,0,0,0,0,0,0,0,0,0,0,0,0,0,0,0,0,1,
213.990,-124.95,-124.94,-63.84,0.00,-1.97,0.00,-5.17,-5.04,9.92,-1.56,11.65,89.39,0.00,0.00,0.45,0.27,-16.87,-2.15,11.24,-0.00,-127.38,-5.45,0.00,0.00,-1038.07,0.00,0.00,0.00,0.00,0.00,0.00,0.00,16.20 °C,16.10 °C,16.10 °C,16.10 °C,16.20 °C,16.10 °C,16.10 °C,16.09 °C,1369.68 °C,1369.68 °C,1369.68 °C,1369.68 °C,1369.68 °C,1369.68 °C,0,0,0,0,0,0,0,0,0,0,0,0,0,0,0,0,1,
214.990,-124.95,-124.93,-63.84,0.00,-1.92,0.00,-5.17,-4.94,9.92,-1.56,11.65,88.16,0.00,0.00,0.45,0.27,-16.87,-2.15,11.16,-0.00,-127.38,-5.45,0.00,0.00,-1038.07,0.00,0.00,0.00,0.00,0.00,0.00,0.00,16.10 °C,16.20 °C,16.10 °C,16.10 °C,16.10 °C,16.20 °C,16.20 °C,16.09 °C,1369.68 °C,1369.68 °C,1369.68 °C,1369.68 °C,1369.68 °C,1369.68 °C,0,0,0,0,0,0,0,0,0,0,0,0,0,0,0,0,1,
215.990,-124.95,-124.93,-63.84,0.00,-1.97,0.00,-5.05,-5.13,9.92,-1.56,11.65,85.48,0.00,0.00,0.45,0.27,-16.87,-2.30,10.74,-0.00,-127.38,-5.45,0.00,0.00,-1038.07,0.00,0.00,0.00,0.00,0.00,0.00,0.00,16.10 °C,16.10 °C,16.10 °C,16.10 °C,16.10 °C,16.10 °C,16.10 °C,16.09 °C,1369.68 °C,1369.68 °C,1369.68 °C,1369.68 °C,1369.68 °C,1369.68 °C,0,0,0,0,0,0,0,0,0,0,0,0,0,0,0,0,1,
216.990,-124.95,-124.93,-63.84,0.00,-1.97,0.00,-5.05,-5.13,9.92,-1.56,11.65,84.51,0.00,0.00,0.45,0.27,-16.87,-2.23,11.39,-0.00,-127.38,-5.53,0.00,0.00,-1038.07,0.00,0.00,0.00,0.00,0.00,0.00,0.00,16.00 °C,16.10 °C,16.20 °C,16.10 °C,16.20 °C,16.29 °C,16.20 °C,16.09 °C,1369.68 °C,1369.68 °C,1369.68 °C,1369.68 °C,1369.68 °C,1369.68 °C,0,0,0,0,0,0,0,0,0,0,0,0,0,0,0,0,1,
217.990,-124.94,-124.93,-63.84,0.00,-1.97,0.00,-5.17,-4.94,9.92,-1.56,11.65,83.54,0.00,0.00,0.45,0.27,-16.87,-2.07,11.05,-0.00,-127.38,-5.45,0.00,0.00,-1038.07,0.00,0.00,0.00,0.00,0.00,0.00,0.00,16.20 °C,16.10 °C,16.10 °C,16.10 °C,16.20 °C,16.10 °C,16.10 °C,16.09 °C,1369.68 °C,1369.68 °C,1369.68 °C,1369.68 °C,1369.68 °C,1369.68 °C,0,0,0,0,0,0,0,0,0,0,0,0,0,0,0,0,1,
218.990,-124.94,-124.93,-63.84,0.00,-1.97,0.00,-5.17,-4.85,9.92,-1.56,11.65,82.79,0.00,0.00,0.45,0.27,-16.87,-2.15,10.40,-0.00,-127.38,-5.45,0.00,0.00,-1038.07,0.00,0.00,0.00,0.00,0.00,0.00,0.00,16.10 °C,16.10 °C,16.10 °C,16.00 °C,16.20 °C,16.10 °C,16.10 °C,16.09 °C,1369.68 °C,1369.68 °C,1369.68 °C,1369.68 °C,1369.68 °C,1369.68 °C,0,0,0,0,0,0,0,0,0,0,0,0,0,0,0,0,1,
219.991,-124.94,-124.93,-63.84,0.00,-1.97,0.00,-5.17,-4.53,9.92,-1.56,11.65,81.34,0.00,0.00,0.45,0.27,-16.87,-2.15,11.31,-0.00,-127.38,-5.45,0.00,0.00,-1038.07,0.00,0.00,0.00,0.00,0.00,0.00,0.00,16.10 °C,16.10 °C,16.10 °C,16.20 °C,16.20 °C,16.10 °C,16.10 °C,16.09 °C,1369.68 °C,1369.68 °C,1369.68 °C,1369.68 °C,1369.68 °C,1369.68 °C,0,0,0,0,0,0,0,0,0,0,0,0,0,0,0,0,1,
220.991,-124.94,-124.93,-63.84,0.00,-1.97,0.00,-5.17,-4.62,9.92,-1.56,11.65,80.85,0.00,0.00,0.45,0.27,-16.87,-2.15,11.31,-0.00,-127.38,-5.53,0.00,0.00,-1038.07,0.00,0.00,0.00,0.00,0.00,0.00,0.00,16.10 °C,16.10 °C,16.10 °C,16.10 °C,16.20 °C,16.10 °C,16.10 °C,16.09 °C,1369.68 °C,1369.68 °C,1369.68 °C,1369.68 °C,1369.68 °C,1369.68 °C,0,0,0,0,0,0,0,0,0,0,0,0,0,0,0,0,1,
221.992,-124.94,-124.93,-63.84,0.00,-1.97,0.00,-5.17,-4.35,9.92,-1.56,11.65,80.33,0.00,0.00,0.45,0.27,-16.95,-2.15,11.24,-0.00,-127.38,-5.45,0.00,0.00,-1038.07,0.00,0.00,0.00,0.00,0.00,0.00,0.00,16.10 °C,16.10 °C,16.10 °C,16.10 °C,16.20 °C,16.10 °C,16.20 °C,16.09 °C,1369.68 °C,1369.68 °C,1369.68 °C,1369.68 °C,1369.68 °C,1369.68 °C,0,0,0,0,0,0,0,0,0,0,0,0,0,0,0,0,1,
222.993,-124.94,-124.93,-63.84,0.00,-1.97,0.00,-5.17,-4.26,8.79,-1.56,11.65,79.84,0.00,0.00,0.45,0.27,-16.76,-2.15,11.05,-0.00,-127.38,-5.45,0.00,0.00,-1038.07,0.00,0.00,0.00,0.00,0.00,0.00,0.00,16.10 °C,16.10 °C,16.10 °C,16.10 °C,16.20 °C,16.10 °C,16.10 °C,16.09 °C,1369.68 °C,1369.68 °C,1369.68 °C,1369.68 °C,1369.68 °C,1369.68 °C,0,0,0,0,0,0,0,0,0,0,0,0,0,0,0,0,1,
223.993,-124.94,-124.94,-63.84,0.00,-1.97,0.00,-5.05,-4.26,8.79,-1.56,11.65,78.87,0.00,0.00,0.45,0.26,-16.87,-2.15,11.16,-0.00,-127.38,-5.45,0.00,0.00,-1038.07,0.00,0.00,0.00,0.00,0.00,0.00,0.00,16.10 °C,16.10 °C,16.10 °C,16.10 °C,16.10 °C,16.10 °C,16.10 °C,16.09 °C,1369.68 °C,1369.68 °C,1369.68 °C,1369.68 °C,1369.68 °C,1369.68 °C,0,0,0,0,0,0,0,0,0,0,0,0,0,0,0,0,1,
224.993,-124.94,-124.94,-63.84,0.00,-1.97,0.00,-5.05,-4.26,8.79,-1.56,11.65,78.39,0.00,0.00,0.45,0.26,-16.87,-2.15,11.16,-0.00,-127.38,-5.45,0.00,0.00,-1038.07,0.00,0.00,0.00,0.00,0.00,0.00,0.00,16.10 °C,16.10 °C,16.10 °C,16.10 °C,16.20 °C,16.10 °C,16.10 °C,16.09 °C,1369.68 °C,1369.68 °C,1369.68 °C,1369.68 °C,1369.68 °C,1369.68 °C,0,0,0,0,0,0,0,0,0,0,0,0,0,0,0,0,1,
225.993,-124.94,-124.93,-63.84,0.00,-1.97,0.00,-5.05,-4.26,8.79,-1.56,11.65,78.16,0.00,0.00,0.45,0.26,-16.76,-2.15,10.82,-0.00,-127.38,-5.45,0.00,0.00,-1038.07,0.00,0.00,0.00,0.00,0.00,0.00,0.00,16.10 °C,16.20 °C,16.10 °C,16.10 °C,16.10 °C,16.10 °C,16.20 °C,16.09 °C,1369.68 °C,1369.68 °C,1369.68 °C,1369.68 °C,1369.68 °C,1369.68 °C,0,0,0,0,0,0,0,0,0,0,0,0,0,0,0,0,1,
226.993,-124.93,-124.94,-63.84,0.00,-1.97,0.00,-5.05,-4.26,8.79,-1.56,11.65,77.64,0.00,0.00,0.45,0.26,-16.95,-2.15,10.82,-0.00,-127.38,-5.53,0.00,0.00,-1038.07,0.00,0.00,0.00,0.00,0.00,0.00,0.00,16.10 °C,16.10 °C,16.10 °C,16.10 °C,16.20 °C,16.10 °C,16.10 °C,16.09 °C,1369.68 °C,1369.68 °C,1369.68 °C,1369.68 °C,1369.68 °C,1369.68 °C,0,0,0,0,0,0,0,0,0,0,0,0,0,0,0,0,1,
227.993,-124.93,-124.94,-63.84,0.00,-1.97,0.00,-5.05,-4.26,8.79,-1.56,11.65,77.42,0.00,0.00,0.45,0.26,-16.87,-2.15,11.16,-0.00,-127.38,-5.45,0.00,0.00,-1038.07,0.00,0.00,0.00,0.00,0.00,0.00,0.00,16.10 °C,16.10 °C,16.10 °C,16.10 °C,16.10 °C,16.10 °C,16.10 °C,16.09 °C,1369.68 °C,1369.68 °C,1369.68 °C,1369.68 °C,1369.68 °C,1369.68 °C,0,0,0,0,0,0,0,0,0,0,0,0,0,0,0,0,1,
228.993,-124.94,-124.94,-63.84,0.00,-2.01,0.00,-5.05,-4.26,8.79,-1.56,11.65,77.16,0.00,0.00,0.45,0.26,-16.95,-1.96,11.16,-0.00,-127.38,-5.45,0.00,0.00,-1038.07,0.00,0.00,0.00,0.00,0.00,0.00,0.00,16.10 °C,16.10 °C,16.10 °C,16.10 °C,16.20 °C,16.10 °C,16.10 °C,16.09 °C,1369.68 °C,1369.68 °C,1369.68 °C,1369.68 °C,1369.68 °C,1369.68 °C,0,0,0,0,0,0,0,0,0,0,0,0,0,0,0,0,1,
229.993,-124.94,-124.94,-63.84,0.00,-1.97,0.00,-5.05,-4.35,8.79,-1.56,11.65,76.67,0.00,0.00,0.45,0.26,-16.95,-1.96,11.46,-0.00,-127.38,-5.45,0.00,0.00,-1038.07,0.00,0.00,0.00,0.00,0.00,0.00,0.00,16.10 °C,16.10 °C,16.10 °C,16.10 °C,16.20 °C,16.10 °C,16.10 °C,16.09 °C,1369.68 °C,1369.68 °C,1369.68 °C,1369.68 °C,1369.68 °C,1369.68 °C,0,0,0,0,0,0,0,0,0,0,0,0,0,0,0,0,1,
230.993,-124.94,-124.94,-63.84,0.00,-1.97,0.00,-5.05,-4.35,8.79,-1.56,11.65,76.45,0.00,0.00,0.45,0.26,-16.87,-1.96,10.97,-0.00,-127.30,-5.45,0.00,0.00,-1038.07,0.00,0.00,0.00,0.00,0.00,0.00,0.00,16.10 °C,16.10 °C,16.20 °C,16.10 °C,16.20 °C,16.10 °C,16.10 °C,16.09 °C,1369.68 °C,1369.68 °C,1369.68 °C,1369.68 °C,1369.68 °C,1369.68 °C,0,0,0,0,0,0,0,0,0,0,0,0,0,0,0,0,1,
231.993,-124.94,-124.94,-63.84,0.00,-1.97,0.00,-5.05,-4.35,8.79,-1.56,11.65,76.19,0.00,0.00,0.45,0.26,-16.76,-2.23,11.16,-0.00,-127.30,-5.45,0.00,0.00,-1038.07,0.00,0.00,0.00,0.00,0.00,0.00,0.00,16.10 °C,16.10 °C,16.10 °C,16.10 °C,16.20 °C,16.10 °C,16.20 °C,16.09 °C,1369.68 °C,1369.68 °C,1369.68 °C,1369.68 °C,1369.68 °C,1369.68 °C,0,0,0,0,0,0,0,0,0,0,0,0,0,0,0,0,1,
232.993,-124.94,-124.94,-63.84,0.00,-1.97,0.00,-5.05,-4.44,8.79,-1.56,11.65,76.19,0.00,0.00,0.45,0.26,-16.87,-2.15,11.81,-0.00,-127.38,-5.45,0.00,0.00,-1038.07,0.00,0.00,0.00,0.00,0.00,0.00,0.00,16.10 °C,16.10 °C,16.10 °C,16.10 °C,16.20 °C,16.10 °C,16.10 °C,16.09 °C,1369.68 °C,1369.68 °C,1369.68 °C,1369.68 °C,1369.68 °C,1369.68 °C,0,0,0,0,0,0,0,0,0,0,0,0,0,0,0,0,1,
233.994,-124.94,-124.94,-63.84,0.00,-1.97,0.00,-5.05,-4.44,8.79,-1.56,11.65,75.96,0.00,0.00,0.45,0.26,-16.68,-2.15,10.48,-0.00,-127.30,-5.38,0.00,0.00,-1038.07,0.00,0.00,0.00,0.00,0.00,0.00,0.00,16.10 °C,16.10 °C,16.10 °C,16.10 °C,16.20 °C,16.10 °C,16.10 °C,16.09 °C,1369.68 °C,1369.68 °C,1369.68 °C,1369.68 °C,1369.68 °C,1369.68 °C,0,0,0,0,0,0,0,0,0,0,0,0,0,0,0,0,1,
234.995,-124.94,-124.94,-63.84,0.00,-2.01,0.00,-5.05,-4.53,8.79,-1.56,11.39,75.70,0.00,0.00,0.45,0.26,-16.87,-2.15,11.46,-0.00,-127.38,-5.45,0.00,0.00,-1038.07,0.00,0.00,0.00,0.00,0.00,0.00,0.00,16.10 °C,16.10 °C,16.10 °C,16.10 °C,16.10 °C,16.10 °C,16.10 °C,16.09 °C,1369.68 °C,1369.68 °C,1369.68 °C,1369.68 °C,1369.68 °C,1369.68 °C,0,0,0,0,0,0,0,0,0,0,0,0,0,0,0,0,1,
235.995,-124.94,-124.94,-63.84,0.00,-1.97,0.00,-5.05,-4.76,8.79,-1.56,11.65,75.70,0.00,0.00,0.45,0.26,-16.76,-2.07,10.97,-0.00,-127.38,-5.45,0.00,0.00,-1038.07,0.00,0.00,0.00,0.00,0.00,0.00,0.00,16.10 °C,16.10 °C,16.10 °C,16.10 °C,16.20 °C,16.10 °C,16.10 °C,16.09 °C,1369.68 °C,1369.68 °C,1369.68 °C,1369.68 °C,1369.68 °C,1369.68 °C,0,0,0,0,0,0,0,0,0,0,0,0,0,0,0,0,1,
236.995,-124.94,-124.94,-63.84,0.00,-1.97,0.00,-5.05,-4.76,8.79,-1.56,11.65,75.44,0.00,0.00,0.45,0.26,-16.87,-2.07,11.31,-0.00,-127.38,-5.45,0.00,0.00,-1038.07,0.00,0.00,0.00,0.00,0.00,0.00,0.00,16.10 °C,16.10 °C,16.10 °C,16.10 °C,16.20 °C,16.10 °C,16.10 °C,16.09 °C,1369.68 °C,1369.68 °C,1369.68 °C,1369.68 °C,1369.68 °C,1369.68 °C,0,0,0,0,0,0,0,0,0,0,0,0,0,0,0,0,1,
237.995,-124.94,-124.94,-63.84,0.00,-1.97,0.00,-5.05,-4.76,8.79,-1.56,11.39,75.22,0.00,0.00,0.45,0.26,-16.87,-2.07,10.82,-0.00,-127.38,-5.45,0.00,0.00,-1038.07,0.00,0.00,0.00,0.00,0.00,0.00,0.00,16.10 °C,16.10 °C,16.10 °C,16.10 °C,16.20 °C,16.10 °C,16.10 °C,16.09 °C,1369.68 °C,1369.68 °C,1369.68 °C,1369.68 °C,1369.68 °C,1369.68 °C,0,0,0,0,0,0,0,0,0,0,0,0,0,0,0,0,1,
238.995,-124.93,-124.94,-63.84,0.00,-2.01,0.00,-5.05,-4.76,8.79,-1.56,11.39,75.22,0.00,0.00,0.45,0.26,-16.87,-2.07,11.31,-0.00,-127.38,-5.45,0.00,0.00,-1038.07,0.00,0.00,0.00,0.00,0.00,0.00,0.00,16.10 °C,16.10 °C,16.10 °C,16.10 °C,16.20 °C,16.10 °C,16.20 °C,16.09 °C,1369.68 °C,1369.68 °C,1369.68 °C,1369.68 °C,1369.68 °C,1369.68 °C,0,0,0,0,0,0,0,0,0,0,0,0,0,0,0,0,1,
239.995,-124.94,-124.94,-63.84,0.00,-2.01,0.00,-5.05,-4.62,8.79,-1.56,11.65,74.96,0.00,0.00,0.45,0.26,-16.76,-1.96,10.48,-0.00,-127.38,-5.45,0.00,0.00,-1038.07,0.00,0.00,0.00,0.00,0.00,0.00,0.00,16.10 °C,16.10 °C,16.10 °C,16.10 °C,16.20 °C,16.10 °C,16.10 °C,16.09 °C,1369.68 °C,1369.68 °C,1369.68 °C,1369.68 °C,1369.68 °C,1369.68 °C,0,0,0,0,0,0,0,0,0,0,0,0,0,0,0,0,1,
240.995,-124.93,-124.94,-63.84,0.00,-1.97,0.00,-5.05,-4.53,8.79,-1.56,11.65,74.73,0.00,0.00,0.45,0.26,-16.95,-1.96,11.31,-0.00,-127.38,-5.45,0.00,0.00,-1038.07,0.00,0.00,0.00,0.00,0.00,0.00,0.00,16.10 °C,16.10 °C,16.10 °C,16.10 °C,16.10 °C,16.10 °C,16.10 °C,16.09 °C,1369.68 °C,1369.68 °C,1369.68 °C,1369.68 °C,1369.68 °C,1369.68 °C,0,0,0,0,0,0,0,0,0,0,0,0,0,0,0,0,1,
241.995,-124.93,-124.94,-63.84,0.00,-1.97,0.00,-5.17,-4.53,8.79,-1.56,11.65,74.73,0.00,0.00,0.45,0.26,-16.87,-1.96,11.16,-0.00,-127.38,-5.45,0.00,0.00,-1038.07,0.00,0.00,0.00,0.00,0.00,0.00,0.00,16.10 °C,16.10 °C,16.10 °C,16.10 °C,16.20 °C,16.10 °C,16.20 °C,16.09 °C,1369.68 °C,1369.68 °C,1369.68 °C,1369.68 °C,1369.68 °C,1369.68 °C,0,0,0,0,0,0,0,0,0,0,0,0,0,0,0,0,1,
242.995,-124.93,-124.94,-63.84,0.00,-1.97,0.00,-5.17,-4.53,8.79,-1.56,11.65,74.73,0.00,0.00,0.45,0.26,-16.87,-1.96,11.16,-0.00,-127.38,-5.45,0.00,0.00,-1038.07,0.00,0.00,0.00,0.00,0.00,0.00,0.00,16.10 °C,16.10 °C,16.10 °C,16.10 °C,16.20 °C,16.10 °C,16.10 °C,16.09 °C,1369.68 °C,1369.68 °C,1369.68 °C,1369.68 °C,1369.68 °C,1369.68 °C,0,0,0,0,0,0,0,0,0,0,0,0,0,0,0,0,1,
243.996,-124.93,-124.94,-63.84,0.00,-1.97,0.00,-5.17,-4.62,8.79,-1.56,11.39,74.47,0.00,0.00,0.45,0.26,-16.95,-1.96,10.82,-0.00,-127.38,-5.53,0.00,0.00,-1038.07,0.00,0.00,0.00,0.00,0.00,0.00,0.00,16.10 °C,16.10 °C,16.10 °C,16.10 °C,16.10 °C,16.10 °C,16.10 °C,16.09 °C,1369.68 °C,1369.68 °C,1369.68 °C,1369.68 °C,1369.68 °C,1369.68 °C,0,0,0,0,0,0,0,0,0,0,0,0,0,0,0,0,1,
244.996,-124.93,-124.94,-63.84,0.00,-1.97,0.00,-5.17,-4.62,8.79,-1.56,11.65,74.25,0.00,0.00,0.45,0.26,-16.95,-1.88,10.89,-0.00,-127.38,-5.45,0.00,0.00,-1038.07,0.00,0.00,0.00,0.00,0.00,0.00,0.00,16.10 °C,16.10 °C,16.10 °C,16.10 °C,16.20 °C,16.10 °C,16.10 °C,16.09 °C,1369.68 °C,1369.68 °C,1369.68 °C,1369.68 °C,1369.68 °C,1369.68 °C,0,0,0,0,0,0,0,0,0,0,0,0,0,0,0,0,1,
245.996,-124.93,-124.94,-63.84,0.00,-1.92,0.00,-5.17,-4.76,8.79,-1.56,11.39,74.25,0.00,0.00,0.45,0.26,-16.76,-1.96,10.97,-0.00,-127.38,-5.45,0.00,0.00,-1038.07,0.00,0.00,0.00,0.00,0.00,0.00,0.00,16.10 °C,16.10 °C,16.10 °C,16.10 °C,16.10 °C,16.10 °C,16.10 °C,16.09 °C,1369.68 °C,1369.68 °C,1369.68 °C,1369.68 °C,1369.68 °C,1369.68 °C,0,0,0,0,0,0,0,0,0,0,0,0,0,0,0,0,0,
246.996,-124.93,-124.94,-63.84,0.00,-1.92,0.00,-5.17,-4.85,8.79,-1.56,11.65,74.25,0.00,0.00,0.45,0.26,-16.87,-2.15,10.97,-0.00,-127.38,-5.45,0.00,0.00,-1038.07,0.00,0.00,0.00,0.00,0.00,0.00,0.00,16.10 °C,16.10 °C,16.10 °C,16.10 °C,16.20 °C,16.10 °C,16.10 °C,16.09 °C,1369.68 °C,1369.68 °C,1369.68 °C,1369.68 °C,1369.68 °C,1369.68 °C,0,0,0,0,0,0,0,0,0,0,0,0,0,0,0,0,0,
247.996,-124.93,-124.93,-63.84,0.00,-1.92,0.00,-5.17,-4.94,8.79,-1.56,11.39,73.99,0.00,0.00,0.45,0.26,-16.76,-1.96,11.24,-0.00,-127.38,-5.45,0.00,0.00,-1038.07,0.00,0.00,0.00,0.00,0.00,0.00,0.00,16.10 °C,16.10 °C,16.10 °C,16.10 °C,16.20 °C,16.10 °C,16.10 °C,16.09 °C,1369.68 °C,1369.68 °C,1369.68 °C,1369.68 °C,1369.68 °C,1369.68 °C,0,0,0,0,0,0,0,0,0,0,0,0,0,0,0,0,1,
248.997,-124.93,-124.93,-63.84,0.00,-1.92,0.00,-5.17,-4.94,8.79,-1.56,11.65,73.99,0.00,0.00,0.45,0.26,-16.87,-2.07,11.24,-0.00,-127.38,-5.45,0.00,0.00,-1038.07,0.00,0.00,0.00,0.00,0.00,0.00,0.00,16.10 °C,16.10 °C,16.10 °C,16.10 °C,16.20 °C,16.10 °C,16.10 °C,16.09 °C,1369.68 °C,1369.68 °C,1369.68 °C,1369.68 °C,1369.68 °C,1369.68 °C,0,0,0,0,0,0,0,0,0,0,0,0,0,0,0,0,1,
249.997,-124.93,-124.93,-63.84,0.00,-1.92,0.00,-5.17,-4.94,8.79,-1.56,11.65,73.76,0.00,0.00,0.45,0.26,-16.87,-2.07,10.89,-0.00,-127.38,-5.45,0.00,0.00,-1038.07,0.00,0.00,0.00,0.00,0.00,0.00,0.00,16.20 °C,16.10 °C,16.10 °C,16.10 °C,16.20 °C,16.10 °C,16.10 °C,16.09 °C,1369.68 °C,1369.68 °C,1369.68 °C,1369.68 °C,1369.68 °C,1369.68 °C,0,0,0,0,0,0,0,0,0,0,0,0,0,0,0,0,1,
250.997,-124.93,-124.93,-63.84,0.00,-1.92,0.00,-5.17,-5.04,8.79,-1.56,11.65,73.76,0.00,0.00,0.45,0.26,-16.76,-1.88,10.67,-0.00,-127.38,-5.45,0.00,0.00,-1038.07,0.00,0.00,0.00,0.00,0.00,0.00,0.00,16.10 °C,16.10 °C,16.10 °C,16.10 °C,16.10 °C,16.10 °C,16.10 °C,16.09 °C,1369.68 °C,1369.68 °C,1369.68 °C,1369.68 °C,1369.68 °C,1369.68 °C,0,0,0,0,0,0,0,0,0,0,0,0,0,0,0,0,1,