Time (s),P2 - LOX Tank Pressure,P3 - Fuel Tank Pressure,P1 - Chamber Pressure,Not Used,P4 - Veh High Pressure Tank,Not Use,P5 - Dome Pressure,P7 - Gnd High Pressure,P6 - GHE Fill Pressure,P8 - Pneumatics Pressure,Not Used,Not Used,Not Used,Not Used,Not Used,Not Used,QD Sep Indication,Lift Off Indicator,Main Valve Open Indicator,Main Valve Closed Indicator,Load Cell 1 - Veh Gross Weight,Load Cell 2 - - Veh Gross Weight,Not Used,Not Used,,,,,,,,,TC1,TC2,TC3,TC4,TC5,TC6,TC7,TC8,TC9,TC10,TC11,TC12,TC13,TC14,Relay1,Relay2,Relay3,Relay4,Relay5,Relay6,Relay7,Relay8,Relay9,Relay10,Relay11,Relay12,Relay13,Relay14,Relay15,Relay16,Manual/Auto (1=Auto),
24.562,-0.42,-0.38,-0.22,-4.03,-2.15,-1.28,-0.18,478.23,-0.14,-0.17,0.00,0.00,0.00,0.00,0.00,0.00,-10.00,-10.00,-10.00,-10.00,-83333.00,-83333.30,0.00,0.00,0.00,0.00,0.00,0.00,0.00,0.00,0.00,0.00,355.01 °C,355.01 °C,355.01 °C,355.01 °C,355.01 °C,355.28 °C,355.28 °C,21.49 °C,1369.68 °C,1369.68 °C,1369.68 °C,1369.68 °C,1369.68 °C,1369.68 °C,0,0,0,0,0,0,0,0,0,0,0,0,0,0,0,0,0,
25.562,-0.42,-0.38,-0.22,-4.03,-2.06,-1.21,-0.20,478.87,-0.14,-0.17,0.00,0.00,0.00,0.00,0.00,0.00,-10.00,-10.00,-10.00,-10.00,-83333.00,-83333.30,0.00,0.00,0.00,0.00,0.00,0.00,0.00,0.00,0.00,0.00,355.01 °C,355.01 °C,355.28 °C,355.01 °C,355.01 °C,355.28 °C,355.28 °C,21.49 °C,1369.68 °C,1369.68 °C,1369.68 °C,1369.68 °C,1369.68 °C,1369.68 °C,0,0,0,0,0,0,0,0,0,0,0,0,0,0,0,0,0,
26.563,-0.42,-0.38,-0.23,-4.03,-2.33,-1.21,-0.21,478.45,-0.14,-0.17,0.00,0.00,0.00,0.00,0.00,0.00,-10.00,-10.00,-10.00,-10.00,-83333.00,-83333.30,0.00,0.00,0.00,0.00,0.00,0.00,0.00,0.00,0.00,0.00,355.28 °C,355.28 °C,355.28 °C,355.01 °C,355.28 °C,355.28 °C,355.28 °C,21.49 °C,1369.68 °C,1369.68 °C,1369.68 °C,1369.68 °C,1369.68 °C,1369.68 °C,0,0,0,0,0,0,0,0,0,0,0,0,0,0,0,0,0,
27.563,-0.40,-0.37,-0.23,-4.03,-2.33,-1.33,-0.20,479.23,-0.14,-0.17,0.00,0.00,0.00,0.00,0.00,0.00,-10.00,-10.00,-10.00,-10.00,-83333.00,-83333.30,0.00,0.00,0.00,0.00,0.00,0.00,0.00,0.00,0.00,0.00,355.28 °C,355.01 °C,355.28 °C,355.01 °C,355.28 °C,355.28 °C,355.28 °C,21.49 °C,1369.68 °C,1369.68 °C,1369.68 °C,1369.68 °C,1369.68 °C,1369.68 °C,0,0,0,0,0,0,0,0,0,0,0,0,0,0,0,0,0,
28.563,-0.42,-0.37,-0.27,-3.94,-2.33,-1.33,-0.18,479.83,-0.14,-0.17,0.00,0.00,0.00,0.00,0.00,0.00,-10.00,-10.00,-10.00,-10.00,-83333.00,-83333.30,0.00,0.00,0.00,0.00,0.00,0.00,0.00,0.00,0.00,0.00,355.28 °C,355.28 °C,355.28 °C,355.01 °C,355.28 °C,355.01 °C,355.28 °C,21.49 °C,1369.68 °C,1369.68 °C,1369.68 °C,1369.68 °C,1369.68 °C,1369.68 °C,0,0,0,0,0,0,0,0,0,0,0,0,0,0,0,0,0,
29.563,-0.42,-0.37,-0.26,-3.94,-2.33,-1.28,-0.20,478.55,-0.14,-0.17,0.00,0.00,0.00,0.00,0.00,0.00,-10.00,-10.00,-10.00,-10.00,-83333.00,-83333.30,0.00,0.00,0.00,0.00,0.00,0.00,0.00,0.00,0.00,0.00,355.28 °C,355.28 °C,355.01 °C,355.01 °C,355.28 °C,355.01 °C,355.28 °C,21.49 °C,1369.68 °C,1369.68 °C,1369.68 °C,1369.68 °C,1369.68 °C,1369.68 °C,0,0,0,0,0,0,0,0,0,0,0,0,0,0,0,0,0,
30.563,-0.39,-0.37,-0.24,-3.85,-2.56,-1.37,-0.20,478.55,-0.14,-0.17,0.00,0.00,0.00,0.00,0.00,0.00,-10.00,-10.00,-10.00,-10.00,-83333.00,-83333.30,0.00,0.00,0.00,0.00,0.00,0.00,0.00,0.00,0.00,0.00,355.28 °C,355.28 °C,355.28 °C,355.01 °C,355.28 °C,355.28 °C,355.28 °C,21.49 °C,1369.68 °C,1369.68 °C,1369.68 °C,1369.68 °C,1369.68 °C,1369.68 °C,0,0,0,0,0,0,0,0,0,0,0,0,0,0,0,0,0,
31.564,-0.38,-0.37,-0.26,-3.75,-2.65,-1.42,-0.20,478.45,-0.14,-0.17,0.00,0.00,0.00,0.00,0.00,0.00,-10.00,-10.00,-10.00,-10.00,-83333.00,-83333.30,0.00,0.00,0.00,0.00,0.00,0.00,0.00,0.00,0.00,0.00,355.28 °C,355.28 °C,355.28 °C,355.01 °C,355.28 °C,355.01 °C,355.28 °C,21.59 °C,1369.68 °C,1369.68 °C,1369.68 °C,1369.68 °C,1369.68 °C,1369.68 °C,0,0,0,0,0,0,0,0,0,0,0,0,0,0,0,0,0,
32.564,-0.37,-0.35,-0.26,-3.85,-2.75,-1.42,-0.18,479.14,-0.14,-0.17,0.00,0.00,0.00,0.00,0.00,0.00,-10.00,-10.00,-10.00,-10.00,-83333.00,-83333.30,0.00,0.00,0.00,0.00,0.00,0.00,0.00,0.00,0.00,0.00,355.28 °C,355.28 °C,355.28 °C,355.01 °C,355.28 °C,355.01 °C,355.28 °C,21.49 °C,1369.68 °C,1369.68 °C,1369.68 °C,1369.68 °C,1369.68 °C,1369.68 °C,0,0,0,0,0,0,0,0,0,0,0,0,0,0,0,0,0,
32.664,-0.37,-0.37,-0.24,-3.75,-2.84,-1.46,-0.18,479.14,-0.14,-0.18,0.00,0.00,0.00,0.00,0.00,0.00,-10.00,-10.00,-10.00,-10.00,-83333.00,-83333.30,0.00,0.00,0.00,0.00,0.00,0.00,0.00,0.00,0.00,0.00,355.28 °C,355.28 °C,355.28 °C,355.01 °C,355.28 °C,355.01 °C,355.28 °C,21.49 °C,1369.68 °C,1369.68 °C,1369.68 °C,1369.68 °C,1369.68 °C,1369.68 °C,0,0,0,0,0,0,0,0,0,0,0,0,0,0,0,0,0,
32.764,-0.37,-0.37,-0.24,-3.75,-2.84,-1.46,-0.18,479.14,-0.14,-0.18,0.00,0.00,0.00,0.00,0.00,0.00,-10.00,-10.00,-10.00,-10.00,-83333.00,-83333.30,0.00,0.00,0.00,0.00,0.00,0.00,0.00,0.00,0.00,0.00,355.28 °C,355.28 °C,355.28 °C,355.01 °C,355.28 °C,355.01 °C,355.28 °C,21.49 °C,1369.68 °C,1369.68 °C,1369.68 °C,1369.68 °C,1369.68 °C,1369.68 °C,0,0,0,0,0,0,0,0,0,0,0,0,0,0,0,0,0,
32.864,-0.37,-0.37,-0.24,-3.75,-2.84,-1.46,-0.18,479.14,-0.14,-0.18,0.00,0.00,0.00,0.00,0.00,0.00,-10.00,-10.00,-10.00,-10.00,-83333.00,-83333.30,0.00,0.00,0.00,0.00,0.00,0.00,0.00,0.00,0.00,0.00,355.28 °C,355.28 °C,355.28 °C,355.01 °C,355.28 °C,355.01 °C,355.28 °C,21.49 °C,1369.68 °C,1369.68 °C,1369.68 °C,1369.68 °C,1369.68 °C,1369.68 °C,0,0,0,0,0,0,0,0,0,0,0,0,0,0,0,0,0,
32.965,-0.37,-0.37,-0.24,-3.75,-2.84,-1.46,-0.18,479.14,-0.14,-0.18,0.00,0.00,0.00,0.00,0.00,0.00,-10.00,-10.00,-10.00,-10.00,-83333.00,-83333.30,0.00,0.00,0.00,0.00,0.00,0.00,0.00,0.00,0.00,0.00,355.28 °C,355.28 °C,355.28 °C,355.01 °C,355.28 °C,355.01 °C,355.28 °C,21.49 °C,1369.68 °C,1369.68 °C,1369.68 °C,1369.68 °C,1369.68 °C,1369.68 °C,0,0,0,0,0,0,0,0,0,0,0,0,0,0,0,0,0,
33.065,-0.37,-0.37,-0.24,-3.75,-2.84,-1.46,-0.18,479.14,-0.14,-0.18,0.00,0.00,0.00,0.00,0.00,0.00,-10.00,-10.00,-10.00,-10.00,-83333.00,-83333.30,0.00,0.00,0.00,0.00,0.00,0.00,0.00,0.00,0.00,0.00,355.28 °C,355.28 °C,355.28 °C,355.01 °C,355.28 °C,355.01 °C,355.28 °C,21.49 °C,1369.68 °C,1369.68 °C,1369.68 °C,1369.68 °C,1369.68 °C,1369.68 °C,0,0,0,0,0,0,0,0,0,0,0,0,0,0,0,0,0,
33.165,-0.35,-0.35,-0.26,-3.75,-2.84,-1.46,-0.18,479.23,-0.14,-0.17,0.00,0.00,0.00,0.00,0.00,0.00,-10.00,-10.00,-10.00,-10.00,-83333.00,-83333.30,0.00,0.00,0.00,0.00,0.00,0.00,0.00,0.00,0.00,0.00,355.28 °C,355.28 °C,355.28 °C,355.01 °C,355.28 °C,355.01 °C,355.28 °C,21.49 °C,1369.68 °C,1369.68 °C,1369.68 °C,1369.68 °C,1369.68 °C,1369.68 °C,0,0,0,0,0,0,0,0,0,0,0,0,0,0,0,0,0,
33.266,-0.35,-0.35,-0.26,-3.75,-2.84,-1.46,-0.18,479.23,-0.14,-0.17,0.00,0.00,0.00,0.00,0.00,0.00,-10.00,-10.00,-10.00,-10.00,-83333.00,-83333.30,0.00,0.00,0.00,0.00,0.00,0.00,0.00,0.00,0.00,0.00,355.28 °C,355.28 °C,355.28 °C,355.01 °C,355.28 °C,355.01 °C,355.28 °C,21.49 °C,1369.68 °C,1369.68 °C,1369.68 °C,1369.68 °C,1369.68 °C,1369.68 °C,0,0,0,0,0,0,0,0,0,0,0,0,0,0,0,0,0,
33.366,-0.35,-0.35,-0.26,-3.75,-2.84,-1.46,-0.18,479.23,-0.14,-0.17,0.00,0.00,0.00,0.00,0.00,0.00,-10.00,-10.00,-10.00,-10.00,-83333.00,-83333.30,0.00,0.00,0.00,0.00,0.00,0.00,0.00,0.00,0.00,0.00,355.28 °C,355.28 °C,355.28 °C,355.01 °C,355.28 °C,355.01 °C,355.28 °C,21.49 °C,1369.68 °C,1369.68 °C,1369.68 °C,1369.68 °C,1369.68 °C,1369.68 °C,0,0,0,0,0,0,0,0,0,0,0,0,0,0,0,0,0,
33.466,-0.35,-0.35,-0.26,-3.75,-2.84,-1.46,-0.18,479.23,-0.14,-0.17,0.00,0.00,0.00,0.00,0.00,0.00,-10.00,-10.00,-10.00,-10.00,-83333.00,-83333.30,0.00,0.00,0.00,0.00,0.00,0.00,0.00,0.00,0.00,0.00,355.28 °C,355.28 °C,355.28 °C,355.01 °C,355.28 °C,355.01 °C,355.28 °C,21.49 °C,1369.68 °C,1369.68 °C,1369.68 °C,1369.68 °C,1369.68 °C,1369.68 °C,0,0,0,0,0,0,0,0,0,0,0,0,0,0,0,0,0,
33.566,-0.35,-0.35,-0.26,-3.75,-2.84,-1.46,-0.18,479.23,-0.14,-0.17,0.00,0.00,0.00,0.00,0.00,0.00,-10.00,-10.00,-10.00,-10.00,-83333.00,-83333.30,0.00,0.00,0.00,0.00,0.00,0.00,0.00,0.00,0.00,0.00,355.28 °C,355.28 °C,355.28 °C,355.01 °C,355.28 °C,355.01 °C,355.28 °C,21.49 °C,1369.68 °C,1369.68 °C,1369.68 °C,1369.68 °C,1369.68 °C,1369.68 °C,0,0,0,0,0,0,0,0,0,0,0,0,0,0,0,0,0,
33.666,-0.35,-0.35,-0.26,-3.66,-2.75,-1.46,-0.18,479.23,-0.14,-0.17,0.00,0.00,0.00,0.00,0.00,0.00,-10.00,-10.00,-10.00,-10.00,-83333.00,-83333.30,0.00,0.00,0.00,0.00,0.00,0.00,0.00,0.00,0.00,0.00,355.28 °C,355.28 °C,355.28 °C,355.01 °C,355.28 °C,355.01 °C,355.28 °C,21.49 °C,1369.68 °C,1369.68 °C,1369.68 °C,1369.68 °C,1369.68 °C,1369.68 °C,0,0,0,0,0,0,0,0,0,0,0,0,0,0,0,0,0,
33.766,-0.35,-0.35,-0.26,-3.66,-2.75,-1.46,-0.18,479.23,-0.14,-0.17,0.00,0.00,0.00,0.00,0.00,0.00,-10.00,-10.00,-10.00,-10.00,-83333.00,-83333.30,0.00,0.00,0.00,0.00,0.00,0.00,0.00,0.00,0.00,0.00,355.28 °C,355.28 °C,355.28 °C,355.01 °C,355.28 °C,355.01 °C,355.28 °C,21.49 °C,1369.68 °C,1369.68 °C,1369.68 °C,1369.68 °C,1369.68 °C,1369.68 °C,0,0,0,0,0,0,0,0,0,0,0,0,0,0,0,0,0,
33.866,-0.35,-0.35,-0.26,-3.66,-2.75,-1.46,-0.18,479.23,-0.14,-0.17,0.00,0.00,0.00,0.00,0.00,0.00,-10.00,-10.00,-10.00,-10.00,-83333.00,-83333.30,0.00,0.00,0.00,0.00,0.00,0.00,0.00,0.00,0.00,0.00,355.28 °C,355.28 °C,355.28 °C,355.01 °C,355.28 °C,355.01 °C,355.28 °C,21.49 °C,1369.68 °C,1369.68 °C,1369.68 °C,1369.68 °C,1369.68 °C,1369.68 °C,0,0,0,0,0,0,0,0,0,0,0,0,0,0,0,0,0,
33.966,-0.35,-0.35,-0.26,-3.66,-2.75,-1.46,-0.18,479.23,-0.14,-0.17,0.00,0.00,0.00,0.00,0.00,0.00,-10.00,-10.00,-10.00,-10.00,-83333.00,-83333.30,0.00,0.00,0.00,0.00,0.00,0.00,0.00,0.00,0.00,0.00,355.28 °C,355.28 °C,355.28 °C,355.01 °C,355.28 °C,355.01 °C,355.28 °C,21.49 °C,1369.68 °C,1369.68 °C,1369.68 °C,1369.68 °C,1369.68 °C,1369.68 °C,0,0,0,0,0,0,0,0,0,0,0,0,0,0,0,0,0,
34.066,-0.35,-0.35,-0.26,-3.66,-2.75,-1.46,-0.18,479.23,-0.14,-0.17,0.00,0.00,0.00,0.00,0.00,0.00,-10.00,-10.00,-10.00,-10.00,-83333.00,-83333.30,0.00,0.00,0.00,0.00,0.00,0.00,0.00,0.00,0.00,0.00,355.28 °C,355.28 °C,355.28 °C,355.01 °C,355.28 °C,355.01 °C,355.28 °C,21.49 °C,1369.68 °C,1369.68 °C,1369.68 °C,1369.68 °C,1369.68 °C,1369.68 °C,0,0,0,0,0,0,0,0,0,0,0,0,0,0,0,0,0,
34.166,-0.37,-0.35,-0.24,-3.75,-2.75,-1.46,-0.18,479.32,-0.14,-0.18,0.00,0.00,0.00,0.00,0.00,0.00,-10.00,-10.00,-10.00,-10.00,-83333.00,-83333.30,0.00,0.00,0.00,0.00,0.00,0.00,0.00,0.00,0.00,0.00,355.28 °C,355.28 °C,355.28 °C,355.01 °C,355.28 °C,355.01 °C,355.28 °C,21.49 °C,1369.68 °C,1369.68 °C,1369.68 °C,1369.68 °C,1369.68 °C,1369.68 °C,0,0,0,0,0,0,0,0,0,0,0,0,0,0,0,0,0,
34.266,-0.37,-0.35,-0.24,-3.75,-2.75,-1.46,-0.18,479.32,-0.14,-0.18,0.00,0.00,0.00,0.00,0.00,0.00,-10.00,-10.00,-10.00,-10.00,-83333.00,-83333.30,0.00,0.00,0.00,0.00,0.00,0.00,0.00,0.00,0.00,0.00,355.28 °C,355.28 °C,355.28 °C,355.01 °C,355.28 °C,355.01 °C,355.28 °C,21.49 °C,1369.68 °C,1369.68 °C,1369.68 °C,1369.68 °C,1369.68 °C,1369.68 °C,0,0,0,0,0,0,0,0,0,0,0,0,0,0,0,0,0,
34.366,-0.37,-0.35,-0.24,-3.75,-2.75,-1.46,-0.18,479.32,-0.14,-0.18,0.00,0.00,0.00,0.00,0.00,0.00,-10.00,-10.00,-10.00,-10.00,-83333.00,-83333.30,0.00,0.00,0.00,0.00,0.00,0.00,0.00,0.00,0.00,0.00,355.28 °C,355.28 °C,355.28 °C,355.01 °C,355.28 °C,355.01 °C,355.28 °C,21.49 °C,1369.68 °C,1369.68 °C,1369.68 °C,1369.68 °C,1369.68 °C,1369.68 °C,0,0,0,0,0,0,0,0,0,0,0,0,0,0,0,0,0,
34.466,-0.37,-0.35,-0.24,-3.75,-2.75,-1.46,-0.18,479.32,-0.14,-0.18,0.00,0.00,0.00,0.00,0.00,0.00,-10.00,-10.00,-10.00,-10.00,-83333.00,-83333.30,0.00,0.00,0.00,0.00,0.00,0.00,0.00,0.00,0.00,0.00,355.28 °C,355.28 °C,355.28 °C,355.01 °C,355.28 °C,355.01 °C,355.28 °C,21.49 °C,1369.68 °C,1369.68 °C,1369.68 °C,1369.68 °C,1369.68 °C,1369.68 °C,0,0,0,0,0,0,0,0,0,0,0,0,0,0,0,0,0,
34.566,-0.37,-0.35,-0.24,-3.75,-2.75,-1.46,-0.18,479.32,-0.14,-0.18,0.00,0.00,0.00,0.00,0.00,0.00,-10.00,-10.00,-10.00,-10.00,-83333.00,-83333.30,0.00,0.00,0.00,0.00,0.00,0.00,0.00,0.00,0.00,0.00,355.28 °C,355.28 °C,355.28 °C,355.01 °C,355.28 °C,355.01 °C,355.28 °C,21.49 °C,1369.68 °C,1369.68 °C,1369.68 °C,1369.68 °C,1369.68 °C,1369.68 °C,0,0,0,0,0,0,0,0,0,0,0,0,0,0,0,0,0,
34.666,-0.37,-0.35,-0.24,-3.75,-2.65,-1.42,-0.18,478.73,-0.14,-0.18,0.00,0.00,0.00,0.00,0.00,0.00,-10.00,-10.00,-10.00,-10.00,-83333.00,-83333.30,0.00,0.00,0.00,0.00,0.00,0.00,0.00,0.00,0.00,0.00,355.28 °C,355.28 °C,355.28 °C,355.01 °C,355.28 °C,355.01 °C,355.28 °C,21.49 °C,1369.68 °C,1369.68 °C,1369.68 °C,1369.68 °C,1369.68 °C,1369.68 °C,0,0,0,0,0,0,0,0,0,0,0,0,0,0,0,0,0,
34.766,-0.37,-0.35,-0.24,-3.75,-2.65,-1.42,-0.18,478.73,-0.14,-0.18,0.00,0.00,0.00,0.00,0.00,0.00,-10.00,-10.00,-10.00,-10.00,-83333.00,-83333.30,0.00,0.00,0.00,0.00,0.00,0.00,0.00,0.00,0.00,0.00,355.28 °C,355.28 °C,355.28 °C,355.01 °C,355.28 °C,355.01 °C,355.28 °C,21.49 °C,1369.68 °C,1369.68 °C,1369.68 °C,1369.68 °C,1369.68 °C,1369.68 °C,0,0,0,0,0,0,0,0,0,0,0,0,0,0,0,0,0,
34.866,-0.37,-0.35,-0.24,-3.75,-2.65,-1.42,-0.18,478.73,-0.14,-0.18,0.00,0.00,0.00,0.00,0.00,0.00,-10.00,-10.00,-10.00,-10.00,-83333.00,-83333.30,0.00,0.00,0.00,0.00,0.00,0.00,0.00,0.00,0.00,0.00,355.28 °C,355.28 °C,355.28 °C,355.01 °C,355.28 °C,355.01 °C,355.28 °C,21.49 °C,1369.68 °C,1369.68 °C,1369.68 °C,1369.68 °C,1369.68 °C,1369.68 °C,0,0,0,0,0,0,0,0,0,0,0,0,0,0,0,0,0,
34.966,-0.37,-0.35,-0.24,-3.75,-2.65,-1.42,-0.18,478.73,-0.14,-0.18,0.00,0.00,0.00,0.00,0.00,0.00,-10.00,-10.00,-10.00,-10.00,-83333.00,-83333.30,0.00,0.00,0.00,0.00,0.00,0.00,0.00,0.00,0.00,0.00,355.28 °C,355.28 °C,355.28 °C,355.01 °C,355.28 °C,355.01 °C,355.28 °C,21.49 °C,1369.68 °C,1369.68 °C,1369.68 °C,1369.68 °C,1369.68 °C,1369.68 °C,0,0,0,0,0,0,0,0,0,0,0,0,0,0,0,0,0,
35.066,-0.37,-0.35,-0.24,-3.75,-2.65,-1.42,-0.18,478.73,-0.14,-0.18,0.00,0.00,0.00,0.00,0.00,0.00,-10.00,-10.00,-10.00,-10.00,-83333.00,-83333.30,0.00,0.00,0.00,0.00,0.00,0.00,0.00,0.00,0.00,0.00,355.28 °C,355.28 °C,355.28 °C,355.01 °C,355.28 °C,355.01 °C,355.28 °C,21.49 °C,1369.68 °C,1369.68 °C,1369.68 °C,1369.68 °C,1369.68 °C,1369.68 °C,0,0,0,0,0,0,0,0,0,0,0,0,0,0,0,0,0,
35.166,-0.37,-0.35,-0.24,-3.75,-2.56,-1.42,-0.18,478.73,-0.14,-0.17,0.00,0.00,0.00,0.00,0.00,0.00,-10.00,-10.00,-10.00,-10.00,-83333.00,-83333.30,0.00,0.00,0.00,0.00,0.00,0.00,0.00,0.00,0.00,0.00,355.28 °C,355.28 °C,355.28 °C,355.01 °C,355.28 °C,355.01 °C,355.28 °C,21.49 °C,1369.68 °C,1369.68 °C,1369.68 °C,1369.68 °C,1369.68 °C,1369.68 °C,0,0,0,0,0,0,0,0,0,0,0,0,0,0,0,0,0,
35.266,-0.37,-0.35,-0.24,-3.75,-2.56,-1.42,-0.18,478.73,-0.14,-0.17,0.00,0.00,0.00,0.00,0.00,0.00,-10.00,-10.00,-10.00,-10.00,-83333.00,-83333.30,0.00,0.00,0.00,0.00,0.00,0.00,0.00,0.00,0.00,0.00,355.28 °C,355.28 °C,355.28 °C,355.01 °C,355.28 °C,355.01 °C,355.28 °C,21.49 °C,1369.68 °C,1369.68 °C,1369.68 °C,1369.68 °C,1369.68 °C,1369.68 °C,0,0,0,0,0,0,0,0,0,0,0,0,0,0,0,0,0,
35.366,-0.37,-0.35,-0.24,-3.75,-2.56,-1.42,-0.18,478.73,-0.14,-0.17,0.00,0.00,0.00,0.00,0.00,0.00,-10.00,-10.00,-10.00,-10.00,-83333.00,-83333.30,0.00,0.00,0.00,0.00,0.00,0.00,0.00,0.00,0.00,0.00,355.28 °C,355.28 °C,355.28 °C,355.01 °C,355.28 °C,355.01 °C,355.28 °C,21.49 °C,1369.68 °C,1369.68 °C,1369.68 °C,1369.68 °C,1369.68 °C,1369.68 °C,0,0,0,0,0,0,0,0,0,0,0,0,0,0,0,0,0,
35.466,-0.37,-0.35,-0.24,-3.75,-2.56,-1.42,-0.18,478.73,-0.14,-0.17,0.00,0.00,0.00,0.00,0.00,0.00,-10.00,-10.00,-10.00,-10.00,-83333.00,-83333.30,0.00,0.00,0.00,0.00,0.00,0.00,0.00,0.00,0.00,0.00,355.28 °C,355.28 °C,355.28 °C,355.01 °C,355.28 °C,355.01 °C,355.28 °C,21.49 °C,1369.68 °C,1369.68 °C,1369.68 °C,1369.68 °C,1369.68 °C,1369.68 °C,0,0,0,0,0,0,0,0,0,0,0,0,0,0,0,0,0,
35.566,-0.37,-0.35,-0.24,-3.75,-2.56,-1.42,-0.18,478.73,-0.14,-0.17,0.00,0.00,0.00,0.00,0.00,0.00,-10.00,-10.00,-10.00,-10.00,-83333.00,-83333.30,0.00,0.00,0.00,0.00,0.00,0.00,0.00,0.00,0.00,0.00,355.28 °C,355.28 °C,355.28 °C,355.01 °C,355.28 °C,355.01 °C,355.28 °C,21.49 °C,1369.68 °C,1369.68 °C,1369.68 °C,1369.68 °C,1369.68 °C,1369.68 °C,0,0,0,0,0,0,0,0,0,0,0,0,0,0,0,0,0,
35.666,-0.38,-0.35,-0.24,-3.75,-2.56,-1.37,-0.18,478.45,-0.14,-0.18,0.00,0.00,0.00,0.00,0.00,0.00,-10.00,-10.00,-10.00,-10.00,-83333.00,-83333.30,0.00,0.00,0.00,0.00,0.00,0.00,0.00,0.00,0.00,0.00,355.28 °C,355.28 °C,355.28 °C,355.01 °C,355.28 °C,355.01 °C,355.28 °C,21.49 °C,1369.68 °C,1369.68 °C,1369.68 °C,1369.68 °C,1369.68 °C,1369.68 °C,0,0,0,0,0,0,0,0,0,0,0,0,0,0,0,0,0,
35.766,-0.38,-0.35,-0.24,-3.75,-2.56,-1.37,-0.18,478.45,-0.14,-0.18,0.00,0.00,0.00,0.00,0.00,0.00,-10.00,-10.00,-10.00,-10.00,-83333.00,-83333.30,0.00,0.00,0.00,0.00,0.00,0.00,0.00,0.00,0.00,0.00,355.28 °C,355.28 °C,355.28 °C,355.01 °C,355.28 °C,355.01 °C,355.28 °C,21.49 °C,1369.68 °C,1369.68 °C,1369.68 °C,1369.68 °C,1369.68 °C,1369.68 °C,0,0,0,0,0,0,0,0,0,0,0,0,0,0,0,0,0,
35.866,-0.38,-0.35,-0.24,-3.75,-2.56,-1.37,-0.18,478.45,-0.14,-0.18,0.00,0.00,0.00,0.00,0.00,0.00,-10.00,-10.00,-10.00,-10.00,-83333.00,-83333.30,0.00,0.00,0.00,0.00,0.00,0.00,0.00,0.00,0.00,0.00,355.28 °C,355.28 °C,355.28 °C,355.01 °C,355.28 °C,355.01 °C,355.28 °C,21.49 °C,1369.68 °C,1369.68 °C,1369.68 °C,1369.68 °C,1369.68 °C,1369.68 °C,0,0,0,0,0,0,0,0,0,0,0,0,0,0,0,0,0,
35.966,-0.38,-0.35,-0.24,-3.75,-2.56,-1.37,-0.18,478.45,-0.14,-0.18,0.00,0.00,0.00,0.00,0.00,0.00,-10.00,-10.00,-10.00,-10.00,-83333.00,-83333.30,0.00,0.00,0.00,0.00,0.00,0.00,0.00,0.00,0.00,0.00,355.28 °C,355.28 °C,355.28 °C,355.01 °C,355.28 °C,355.01 °C,355.28 °C,21.49 °C,1369.68 °C,1369.68 °C,1369.68 °C,1369.68 °C,1369.68 °C,1369.68 °C,0,0,0,0,0,0,0,0,0,0,0,0,0,0,0,0,0,
36.066,-0.38,-0.35,-0.24,-3.75,-2.56,-1.37,-0.18,478.45,-0.14,-0.18,0.00,0.00,0.00,0.00,0.00,0.00,-10.00,-10.00,-10.00,-10.00,-83333.00,-83333.30,0.00,0.00,0.00,0.00,0.00,0.00,0.00,0.00,0.00,0.00,355.28 °C,355.28 °C,355.28 °C,355.01 °C,355.28 °C,355.01 °C,355.28 °C,21.49 °C,1369.68 °C,1369.68 °C,1369.68 °C,1369.68 °C,1369.68 °C,1369.68 °C,0,0,0,0,0,0,0,0,0,0,0,0,0,0,0,0,0,
36.166,-0.38,-0.35,-0.24,-3.85,-2.43,-1.37,-0.20,478.45,-0.14,-0.18,0.00,0.00,0.00,0.00,0.00,0.00,-10.00,-10.00,-10.00,-10.00,-83333.00,-83333.30,0.00,0.00,0.00,0.00,0.00,0.00,0.00,0.00,0.00,0.00,355.28 °C,355.28 °C,355.28 °C,355.01 °C,355.28 °C,355.01 °C,355.28 °C,21.49 °C,1369.68 °C,1369.68 °C,1369.68 °C,1369.68 °C,1369.68 °C,1369.68 °C,0,0,0,0,0,0,0,0,0,0,0,0,0,0,0,0,0,
36.266,-0.38,-0.35,-0.24,-3.85,-2.43,-1.37,-0.20,478.45,-0.14,-0.18,0.00,0.00,0.00,0.00,0.00,0.00,-10.00,-10.00,-10.00,-10.00,-83333.00,-83333.30,0.00,0.00,0.00,0.00,0.00,0.00,0.00,0.00,0.00,0.00,355.28 °C,355.28 °C,355.28 °C,355.01 °C,355.28 °C,355.01 °C,355.28 °C,21.49 °C,1369.68 °C,1369.68 °C,1369.68 °C,1369.68 °C,1369.68 °C,1369.68 °C,0,0,0,0,0,0,0,0,0,0,0,0,0,0,0,0,0,
36.366,-0.38,-0.35,-0.24,-3.85,-2.43,-1.37,-0.20,478.45,-0.14,-0.18,0.00,0.00,0.00,0.00,0.00,0.00,-10.00,-10.00,-10.00,-10.00,-83333.00,-83333.30,0.00,0.00,0.00,0.00,0.00,0.00,0.00,0.00,0.00,0.00,355.28 °C,355.28 °C,355.28 °C,355.01 °C,355.28 °C,355.01 °C,355.28 °C,21.49 °C,1369.68 °C,1369.68 °C,1369.68 °C,1369.68 °C,1369.68 °C,1369.68 °C,0,0,0,0,0,0,0,0,0,0,0,0,0,0,0,0,0,
36.466,-0.38,-0.35,-0.24,-3.85,-2.43,-1.37,-0.20,478.45,-0.14,-0.18,0.00,0.00,0.00,0.00,0.00,0.00,-10.00,-10.00,-10.00,-10.00,-83333.00,-83333.30,0.00,0.00,0.00,0.00,0.00,0.00,0.00,0.00,0.00,0.00,355.28 °C,355.28 °C,355.28 °C,355.01 °C,355.28 °C,355.01 °C,355.28 °C,21.49 °C,1369.68 °C,1369.68 °C,1369.68 °C,1369.68 °C,1369.68 °C,1369.68 °C,0,0,0,0,0,0,0,0,0,0,0,0,0,0,0,0,0,
36.566,-0.38,-0.35,-0.24,-3.85,-2.43,-1.37,-0.20,478.45,-0.14,-0.18,0.00,0.00,0.00,0.00,0.00,0.00,-10.00,-10.00,-10.00,-10.00,-83333.00,-83333.30,0.00,0.00,0.00,0.00,0.00,0.00,0.00,0.00,0.00,0.00,355.28 °C,355.28 °C,355.28 °C,355.01 °C,355.28 °C,355.01 °C,355.28 °C,21.49 °C,1369.68 °C,1369.68 °C,1369.68 °C,1369.68 °C,1369.68 °C,1369.68 °C,0,0,0,0,0,0,0,0,0,0,0,0,0,0,0,0,0,
36.666,-0.38,-0.35,-0.23,-3.85,-2.43,-1.37,-0.20,478.45,-0.14,-0.17,0.00,0.00,0.00,0.00,0.00,0.00,-10.00,-10.00,-10.00,-10.00,-83333.00,-83333.30,0.00,0.00,0.00,0.00,0.00,0.00,0.00,0.00,0.00,0.00,355.28 °C,355.28 °C,355.28 °C,355.01 °C,355.28 °C,355.01 °C,355.28 °C,21.59 °C,1369.68 °C,1369.68 °C,1369.68 °C,1369.68 °C,1369.68 °C,1369.68 °C,0,0,0,0,0,0,0,0,0,0,0,0,0,0,0,0,0,
36.766,-0.38,-0.35,-0.23,-3.85,-2.43,-1.37,-0.20,478.45,-0.14,-0.17,0.00,0.00,0.00,0.00,0.00,0.00,-10.00,-10.00,-10.00,-10.00,-83333.00,-83333.30,0.00,0.00,0.00,0.00,0.00,0.00,0.00,0.00,0.00,0.00,355.28 °C,355.28 °C,355.28 °C,355.01 °C,355.28 °C,355.01 °C,355.28 °C,21.59 °C,1369.68 °C,1369.68 °C,1369.68 °C,1369.68 °C,1369.68 °C,1369.68 °C,0,0,0,0,0,0,0,0,0,0,0,0,0,0,0,0,0,
36.866,-0.38,-0.35,-0.23,-3.85,-2.43,-1.37,-0.20,478.45,-0.14,-0.17,0.00,0.00,0.00,0.00,0.00,0.00,-10.00,-10.00,-10.00,-10.00,-83333.00,-83333.30,0.00,0.00,0.00,0.00,0.00,0.00,0.00,0.00,0.00,0.00,355.28 °C,355.28 °C,355.28 °C,355.01 °C,355.28 °C,355.01 °C,355.28 °C,21.59 °C,1369.68 °C,1369.68 °C,1369.68 °C,1369.68 °C,1369.68 °C,1369.68 °C,0,0,0,0,0,0,0,0,0,0,0,0,0,0,0,0,0,
36.966,-0.38,-0.35,-0.23,-3.85,-2.43,-1.37,-0.20,478.45,-0.14,-0.17,0.00,0.00,0.00,0.00,0.00,0.00,-10.00,-10.00,-10.00,-10.00,-83333.00,-83333.30,0.00,0.00,0.00,0.00,0.00,0.00,0.00,0.00,0.00,0.00,355.28 °C,355.28 °C,355.28 °C,355.01 °C,355.28 °C,355.01 °C,355.28 °C,21.59 °C,1369.68 °C,1369.68 °C,1369.68 °C,1369.68 °C,1369.68 °C,1369.68 °C,0,0,0,0,0,0,0,0,0,0,0,0,0,0,0,0,0,
37.139,-0.38,-0.35,-0.23,-3.85,-2.56,-1.42,-0.20,478.04,-0.14,-0.17,0.00,0.00,0.00,0.00,0.00,0.00,-10.00,-10.00,-10.00,-10.00,-83333.00,-83333.30,0.00,0.00,0.00,0.00,0.00,0.00,0.00,0.00,0.00,0.00,355.28 °C,355.28 °C,355.28 °C,355.01 °C,355.28 °C,355.01 °C,355.28 °C,21.59 °C,1369.68 °C,1369.68 °C,1369.68 °C,1369.68 °C,1369.68 °C,1369.68 °C,0,0,0,0,0,0,0,0,0,0,0,0,0,0,0,0,0,
37.239,-0.38,-0.35,-0.23,-3.85,-2.56,-1.42,-0.20,478.04,-0.14,-0.17,0.00,0.00,0.00,0.00,0.00,0.00,-10.00,-10.00,-10.00,-10.00,-83333.00,-83333.30,0.00,0.00,0.00,0.00,0.00,0.00,0.00,0.00,0.00,0.00,355.28 °C,355.28 °C,355.28 °C,355.01 °C,355.28 °C,355.01 °C,355.28 °C,21.59 °C,1369.68 °C,1369.68 °C,1369.68 °C,1369.68 °C,1369.68 °C,1369.68 °C,0,0,0,0,0,0,0,0,0,0,0,0,0,0,0,0,0,
37.339,-0.38,-0.35,-0.23,-3.85,-2.56,-1.42,-0.20,478.04,-0.14,-0.17,0.00,0.00,0.00,0.00,0.00,0.00,-10.00,-10.00,-10.00,-10.00,-83333.00,-83333.30,0.00,0.00,0.00,0.00,0.00,0.00,0.00,0.00,0.00,0.00,355.28 °C,355.28 °C,355.28 °C,355.01 °C,355.28 °C,355.01 °C,355.28 °C,21.59 °C,1369.68 °C,1369.68 °C,1369.68 °C,1369.68 °C,1369.68 °C,1369.68 °C,0,0,0,0,0,0,0,0,0,0,0,0,0,0,0,0,0,
37.439,-0.38,-0.35,-0.23,-3.85,-2.56,-1.42,-0.20,478.04,-0.14,-0.17,0.00,0.00,0.00,0.00,0.00,0.00,-10.00,-10.00,-10.00,-10.00,-83333.00,-83333.30,0.00,0.00,0.00,0.00,0.00,0.00,0.00,0.00,0.00,0.00,355.28 °C,355.28 °C,355.28 °C,355.01 °C,355.28 °C,355.01 °C,355.28 °C,21.59 °C,1369.68 °C,1369.68 °C,1369.68 °C,1369.68 °C,1369.68 °C,1369.68 °C,0,0,0,0,0,0,0,0,0,0,0,0,0,0,0,0,0,
37.539,-0.38,-0.35,-0.23,-3.85,-2.56,-1.42,-0.20,478.04,-0.14,-0.17,0.00,0.00,0.00,0.00,0.00,0.00,-10.00,-10.00,-10.00,-10.00,-83333.00,-83333.30,0.00,0.00,0.00,0.00,0.00,0.00,0.00,0.00,0.00,0.00,355.28 °C,355.28 °C,355.28 °C,355.01 °C,355.28 °C,355.01 °C,355.28 °C,21.59 °C,1369.68 °C,1369.68 °C,1369.68 °C,1369.68 °C,1369.68 °C,1369.68 °C,0,0,0,0,0,0,0,0,0,0,0,0,0,0,0,0,0,
37.639,-0.35,-0.35,-0.23,-3.75,-2.56,-1.42,-0.20,478.04,-0.14,-0.17,0.00,0.00,0.00,0.00,0.00,0.00,-10.00,-10.00,-10.00,-10.00,-83333.00,-83333.30,0.00,0.00,0.00,0.00,0.00,0.00,0.00,0.00,0.00,0.00,355.28 °C,355.28 °C,355.28 °C,355.28 °C,355.28 °C,355.01 °C,355.28 °C,21.59 °C,1369.68 °C,1369.68 °C,1369.68 °C,1369.68 °C,1369.68 °C,1369.68 °C,0,0,0,0,0,0,0,0,0,0,0,0,0,0,0,0,0,
37.739,-0.35,-0.35,-0.23,-3.75,-2.56,-1.42,-0.20,478.04,-0.14,-0.17,0.00,0.00,0.00,0.00,0.00,0.00,-10.00,-10.00,-10.00,-10.00,-83333.00,-83333.30,0.00,0.00,0.00,0.00,0.00,0.00,0.00,0.00,0.00,0.00,355.28 °C,355.28 °C,355.28 °C,355.28 °C,355.28 °C,355.01 °C,355.28 °C,21.59 °C,1369.68 °C,1369.68 °C,1369.68 °C,1369.68 °C,1369.68 °C,1369.68 °C,0,0,0,0,0,0,0,0,0,0,0,0,0,0,0,0,0,
37.839,-0.35,-0.35,-0.23,-3.75,-2.56,-1.42,-0.20,478.04,-0.14,-0.17,0.00,0.00,0.00,0.00,0.00,0.00,-10.00,-10.00,-10.00,-10.00,-83333.00,-83333.30,0.00,0.00,0.00,0.00,0.00,0.00,0.00,0.00,0.00,0.00,355.28 °C,355.28 °C,355.28 °C,355.28 °C,355.28 °C,355.01 °C,355.28 °C,21.59 °C,1369.68 °C,1369.68 °C,1369.68 °C,1369.68 °C,1369.68 °C,1369.68 °C,0,0,0,0,0,0,0,0,0,0,0,0,0,0,0,0,0,
37.939,-0.35,-0.35,-0.23,-3.75,-2.56,-1.42,-0.20,478.04,-0.14,-0.17,0.00,0.00,0.00,0.00,0.00,0.00,-10.00,-10.00,-10.00,-10.00,-83333.00,-83333.30,0.00,0.00,0.00,0.00,0.00,0.00,0.00,0.00,0.00,0.00,355.28 °C,355.28 °C,355.28 °C,355.28 °C,355.28 °C,355.01 °C,355.28 °C,21.59 °C,1369.68 °C,1369.68 °C,1369.68 °C,1369.68 °C,1369.68 °C,1369.68 °C,0,0,0,0,0,0,0,0,0,0,0,0,0,0,0,0,0,
38.039,-0.35,-0.35,-0.23,-3.75,-2.56,-1.42,-0.20,478.04,-0.14,-0.17,0.00,0.00,0.00,0.00,0.00,0.00,-10.00,-10.00,-10.00,-10.00,-83333.00,-83333.30,0.00,0.00,0.00,0.00,0.00,0.00,0.00,0.00,0.00,0.00,355.28 °C,355.28 °C,355.28 °C,355.28 °C,355.28 °C,355.01 °C,355.28 °C,21.59 °C,1369.68 °C,1369.68 °C,1369.68 °C,1369.68 °C,1369.68 °C,1369.68 °C,0,0,0,0,0,0,0,0,0,0,0,0,0,0,0,0,0,
38.139,-0.38,-0.37,-0.23,-3.75,-2.56,-1.42,-0.20,478.45,-0.14,-0.18,0.00,0.00,0.00,0.00,0.00,0.00,-10.00,-10.00,-10.00,-10.00,-83333.00,-83333.30,0.00,0.00,0.00,0.00,0.00,0.00,0.00,0.00,0.00,0.00,355.28 °C,355.28 °C,355.28 °C,355.28 °C,355.28 °C,355.01 °C,355.28 °C,21.49 °C,1369.68 °C,1369.68 °C,1369.68 °C,1369.68 °C,1369.68 °C,1369.68 °C,0,0,0,0,0,0,0,0,0,0,0,0,0,0,0,0,0,
38.239,-0.38,-0.37,-0.23,-3.75,-2.56,-1.42,-0.20,478.45,-0.14,-0.18,0.00,0.00,0.00,0.00,0.00,0.00,-10.00,-10.00,-10.00,-10.00,-83333.00,-83333.30,0.00,0.00,0.00,0.00,0.00,0.00,0.00,0.00,0.00,0.00,355.28 °C,355.28 °C,355.28 °C,355.28 °C,355.28 °C,355.01 °C,355.28 °C,21.49 °C,1369.68 °C,1369.68 °C,1369.68 °C,1369.68 °C,1369.68 °C,1369.68 °C,0,0,0,0,0,0,0,0,0,0,0,0,0,0,0,0,0,
38.339,-0.38,-0.37,-0.23,-3.75,-2.56,-1.42,-0.20,478.45,-0.14,-0.18,0.00,0.00,0.00,0.00,0.00,0.00,-10.00,-10.00,-10.00,-10.00,-83333.00,-83333.30,0.00,0.00,0.00,0.00,0.00,0.00,0.00,0.00,0.00,0.00,355.28 °C,355.28 °C,355.28 °C,355.28 °C,355.28 °C,355.01 °C,355.28 °C,21.49 °C,1369.68 °C,1369.68 °C,1369.68 °C,1369.68 °C,1369.68 °C,1369.68 °C,0,0,0,0,0,0,0,0,0,0,0,0,0,0,0,0,0,
38.439,-0.38,-0.37,-0.23,-3.75,-2.56,-1.42,-0.20,478.45,-0.14,-0.18,0.00,0.00,0.00,0.00,0.00,0.00,-10.00,-10.00,-10.00,-10.00,-83333.00,-83333.30,0.00,0.00,0.00,0.00,0.00,0.00,0.00,0.00,0.00,0.00,355.28 °C,355.28 °C,355.28 °C,355.28 °C,355.28 °C,355.01 °C,355.28 °C,21.49 °C,1369.68 °C,1369.68 °C,1369.68 °C,1369.68 °C,1369.68 °C,1369.68 °C,0,0,0,0,0,0,0,0,0,0,0,0,0,0,0,0,0,
38.539,-0.38,-0.37,-0.23,-3.75,-2.56,-1.42,-0.20,478.45,-0.14,-0.18,0.00,0.00,0.00,0.00,0.00,0.00,-10.00,-10.00,-10.00,-10.00,-83333.00,-83333.30,0.00,0.00,0.00,0.00,0.00,0.00,0.00,0.00,0.00,0.00,355.28 °C,355.28 °C,355.28 °C,355.28 °C,355.28 °C,355.01 °C,355.28 °C,21.49 °C,1369.68 °C,1369.68 °C,1369.68 °C,1369.68 °C,1369.68 °C,1369.68 °C,0,0,0,0,0,0,0,0,0,0,0,0,0,0,0,0,0,
38.639,-0.38,-0.37,-0.23,-3.75,-2.56,-1.37,-0.18,478.45,-0.14,-0.18,0.00,0.00,0.00,0.00,0.00,0.00,-10.00,-10.00,-10.00,-10.00,-83333.00,-83333.30,0.00,0.00,0.00,0.00,0.00,0.00,0.00,0.00,0.00,0.00,355.28 °C,355.28 °C,355.28 °C,355.01 °C,355.28 °C,355.01 °C,355.28 °C,21.49 °C,1369.68 °C,1369.68 °C,1369.68 °C,1369.68 °C,1369.68 °C,1369.68 °C,0,0,0,0,0,0,0,0,0,0,0,0,0,0,0,0,0,
38.739,-0.38,-0.37,-0.23,-3.75,-2.56,-1.37,-0.18,478.45,-0.14,-0.18,0.00,0.00,0.00,0.00,0.00,0.00,-10.00,-10.00,-10.00,-10.00,-83333.00,-83333.30,0.00,0.00,0.00,0.00,0.00,0.00,0.00,0.00,0.00,0.00,355.28 °C,355.28 °C,355.28 °C,355.01 °C,355.28 °C,355.01 °C,355.28 °C,21.49 °C,1369.68 °C,1369.68 °C,1369.68 °C,1369.68 °C,1369.68 °C,1369.68 °C,0,0,0,0,0,0,0,0,0,0,0,0,0,0,0,0,0,
38.839,-0.38,-0.37,-0.23,-3.75,-2.56,-1.37,-0.18,478.45,-0.14,-0.18,0.00,0.00,0.00,0.00,0.00,0.00,-10.00,-10.00,-10.00,-10.00,-83333.00,-83333.30,0.00,0.00,0.00,0.00,0.00,0.00,0.00,0.00,0.00,0.00,355.28 °C,355.28 °C,355.28 °C,355.01 °C,355.28 °C,355.01 °C,355.28 °C,21.49 °C,1369.68 °C,1369.68 °C,1369.68 °C,1369.68 °C,1369.68 °C,1369.68 °C,0,0,0,0,0,0,0,0,0,0,0,0,0,0,0,0,0,
38.939,-0.38,-0.37,-0.23,-3.75,-2.56,-1.37,-0.18,478.45,-0.14,-0.18,0.00,0.00,0.00,0.00,0.00,0.00,-10.00,-10.00,-10.00,-10.00,-83333.00,-83333.30,0.00,0.00,0.00,0.00,0.00,0.00,0.00,0.00,0.00,0.00,355.28 °C,355.28 °C,355.28 °C,355.01 °C,355.28 °C,355.01 °C,355.28 °C,21.49 °C,1369.68 °C,1369.68 °C,1369.68 °C,1369.68 °C,1369.68 °C,1369.68 °C,0,0,0,0,0,0,0,0,0,0,0,0,0,0,0,0,0,
39.039,-0.38,-0.37,-0.23,-3.75,-2.56,-1.37,-0.18,478.45,-0.14,-0.18,0.00,0.00,0.00,0.00,0.00,0.00,-10.00,-10.00,-10.00,-10.00,-83333.00,-83333.30,0.00,0.00,0.00,0.00,0.00,0.00,0.00,0.00,0.00,0.00,355.28 °C,355.28 °C,355.28 °C,355.01 °C,355.28 °C,355.01 °C,355.28 °C,21.49 °C,1369.68 °C,1369.68 °C,1369.68 °C,1369.68 °C,1369.68 °C,1369.68 °C,0,0,0,0,0,0,0,0,0,0,0,0,0,0,0,0,0,
39.139,-0.38,-0.35,-0.24,-3.75,-2.56,-1.37,-0.18,478.87,-0.14,-0.17,0.00,0.00,0.00,0.00,0.00,0.00,-10.00,-10.00,-10.00,-10.00,-83333.00,-83333.30,0.00,0.00,0.00,0.00,0.00,0.00,0.00,0.00,0.00,0.00,355.28 °C,355.01 °C,355.28 °C,355.01 °C,355.28 °C,355.01 °C,355.28 °C,21.49 °C,1369.68 °C,1369.68 °C,1369.68 °C,1369.68 °C,1369.68 °C,1369.68 °C,0,0,0,0,0,0,0,0,0,0,0,0,0,0,0,0,0,
39.363,-0.38,-0.35,-0.24,-3.75,-2.56,-1.37,-0.18,478.87,-0.14,-0.17,0.00,0.00,0.00,0.00,0.00,0.00,-10.00,-10.00,-10.00,-10.00,-83333.00,-83333.30,0.00,0.00,0.00,0.00,0.00,0.00,0.00,0.00,0.00,0.00,355.28 °C,355.01 °C,355.28 °C,355.01 °C,355.28 °C,355.01 °C,355.28 °C,21.49 °C,1369.68 °C,1369.68 °C,1369.68 °C,1369.68 °C,1369.68 °C,1369.68 °C,0,0,0,0,0,0,0,0,0,0,0,0,0,0,0,0,0,
39.463,-0.38,-0.35,-0.24,-3.75,-2.56,-1.37,-0.18,478.87,-0.14,-0.17,0.00,0.00,0.00,0.00,0.00,0.00,-10.00,-10.00,-10.00,-10.00,-83333.00,-83333.30,0.00,0.00,0.00,0.00,0.00,0.00,0.00,0.00,0.00,0.00,355.28 °C,355.01 °C,355.28 °C,355.01 °C,355.28 °C,355.01 °C,355.28 °C,21.49 °C,1369.68 °C,1369.68 °C,1369.68 °C,1369.68 °C,1369.68 °C,1369.68 °C,0,0,0,0,0,0,0,0,0,0,0,0,0,0,0,0,0,
39.564,-0.38,-0.35,-0.24,-3.75,-2.56,-1.37,-0.18,478.87,-0.14,-0.17,0.00,0.00,0.00,0.00,0.00,0.00,-10.00,-10.00,-10.00,-10.00,-83333.00,-83333.30,0.00,0.00,0.00,0.00,0.00,0.00,0.00,0.00,0.00,0.00,355.28 °C,355.01 °C,355.28 °C,355.01 °C,355.28 °C,355.01 °C,355.28 °C,21.49 °C,1369.68 °C,1369.68 °C,1369.68 °C,1369.68 °C,1369.68 °C,1369.68 °C,0,0,0,0,0,0,0,1,0,0,0,0,0,0,0,0,0,
39.664,-0.38,-0.35,-0.24,-3.66,-2.33,-1.37,-0.20,478.87,-0.14,-0.17,0.00,0.00,0.00,0.00,0.00,0.00,-10.00,-10.00,-10.00,-10.00,-83333.00,-83333.30,0.00,0.00,0.00,0.00,0.00,0.00,0.00,0.00,0.00,0.00,355.28 °C,355.01 °C,355.28 °C,355.01 °C,355.28 °C,355.01 °C,355.28 °C,21.49 °C,1369.68 °C,1369.68 °C,1369.68 °C,1369.68 °C,1369.68 °C,1369.68 °C,0,0,0,0,0,0,0,1,0,0,0,0,0,0,0,0,0,
39.764,-0.38,-0.35,-0.24,-3.66,-2.33,-1.37,-0.20,478.87,-0.14,-0.17,0.00,0.00,0.00,0.00,0.00,0.00,-10.00,-10.00,-10.00,-10.00,-83333.00,-83333.30,0.00,0.00,0.00,0.00,0.00,0.00,0.00,0.00,0.00,0.00,355.28 °C,355.01 °C,355.28 °C,355.01 °C,355.28 °C,355.01 °C,355.28 °C,21.49 °C,1369.68 °C,1369.68 °C,1369.68 °C,1369.68 °C,1369.68 °C,1369.68 °C,0,0,0,0,0,0,0,1,0,0,0,0,0,0,0,0,0,
39.864,-0.38,-0.35,-0.24,-3.66,-2.33,-1.37,-0.20,478.87,-0.14,-0.17,0.00,0.00,0.00,0.00,0.00,0.00,-10.00,-10.00,-10.00,-10.00,-83333.00,-83333.30,0.00,0.00,0.00,0.00,0.00,0.00,0.00,0.00,0.00,0.00,355.28 °C,355.01 °C,355.28 °C,355.01 °C,355.28 °C,355.01 °C,355.28 °C,21.49 °C,1369.68 °C,1369.68 °C,1369.68 °C,1369.68 °C,1369.68 °C,1369.68 °C,0,0,0,0,0,0,0,1,0,0,0,0,0,0,0,0,0,
39.964,-0.38,-0.35,-0.24,-3.66,-2.33,-1.37,-0.20,478.87,-0.14,-0.17,0.00,0.00,0.00,0.00,0.00,0.00,-10.00,-10.00,-10.00,-10.00,-83333.00,-83333.30,0.00,0.00,0.00,0.00,0.00,0.00,0.00,0.00,0.00,0.00,355.28 °C,355.01 °C,355.28 °C,355.01 °C,355.28 °C,355.01 °C,355.28 °C,21.49 °C,1369.68 °C,1369.68 °C,1369.68 °C,1369.68 °C,1369.68 °C,1369.68 °C,0,0,0,0,0,0,0,1,0,0,0,0,0,0,0,0,0,
40.064,-0.38,-0.35,-0.24,-3.66,-2.33,-1.37,-0.20,478.87,-0.14,-0.17,0.00,0.00,0.00,0.00,0.00,0.00,-10.00,-10.00,-10.00,-10.00,-83333.00,-83333.30,0.00,0.00,0.00,0.00,0.00,0.00,0.00,0.00,0.00,0.00,355.28 °C,355.01 °C,355.28 °C,355.01 °C,355.28 °C,355.01 °C,355.28 °C,21.49 °C,1369.68 °C,1369.68 °C,1369.68 °C,1369.68 °C,1369.68 °C,1369.68 °C,0,0,0,0,0,0,0,1,0,0,0,0,0,0,0,0,0,
40.164,-0.38,-0.35,-0.23,-3.75,-2.33,-1.37,-0.20,478.87,-0.14,-0.17,0.00,0.00,0.00,0.00,0.00,0.00,-10.00,-10.00,-10.00,-10.00,-83333.00,-83333.30,0.00,0.00,0.00,0.00,0.00,0.00,0.00,0.00,0.00,0.00,355.28 °C,355.28 °C,355.28 °C,355.28 °C,355.28 °C,355.01 °C,355.28 °C,21.49 °C,1369.68 °C,1369.68 °C,1369.68 °C,1369.68 °C,1369.68 °C,1369.68 °C,0,0,0,0,0,0,0,1,0,0,0,0,0,0,0,0,0,
40.264,-0.38,-0.35,-0.23,-3.75,-2.33,-1.37,-0.20,478.87,-0.14,-0.17,0.00,0.00,0.00,0.00,0.00,0.00,-10.00,-10.00,-10.00,-10.00,-83333.00,-83333.30,0.00,0.00,0.00,0.00,0.00,0.00,0.00,0.00,0.00,0.00,355.28 °C,355.28 °C,355.28 °C,355.28 °C,355.28 °C,355.01 °C,355.28 °C,21.49 °C,1369.68 °C,1369.68 °C,1369.68 °C,1369.68 °C,1369.68 °C,1369.68 °C,0,0,0,0,0,0,0,1,0,0,0,0,0,0,0,0,0,
40.365,-0.38,-0.35,-0.23,-3.75,-2.33,-1.37,-0.20,478.87,-0.14,-0.17,0.00,0.00,0.00,0.00,0.00,0.00,-10.00,-10.00,-10.00,-10.00,-83333.00,-83333.30,0.00,0.00,0.00,0.00,0.00,0.00,0.00,0.00,0.00,0.00,355.28 °C,355.28 °C,355.28 °C,355.28 °C,355.28 °C,355.01 °C,355.28 °C,21.49 °C,1369.68 °C,1369.68 °C,1369.68 °C,1369.68 °C,1369.68 °C,1369.68 °C,0,0,0,0,0,0,0,1,0,0,0,0,0,0,0,0,0,
40.465,-0.38,-0.35,-0.23,-3.75,-2.33,-1.37,-0.20,478.87,-0.14,-0.17,0.00,0.00,0.00,0.00,0.00,0.00,-10.00,-10.00,-10.00,-10.00,-83333.00,-83333.30,0.00,0.00,0.00,0.00,0.00,0.00,0.00,0.00,0.00,0.00,355.28 °C,355.28 °C,355.28 °C,355.28 °C,355.28 °C,355.01 °C,355.28 °C,21.49 °C,1369.68 °C,1369.68 °C,1369.68 °C,1369.68 °C,1369.68 °C,1369.68 °C,0,0,0,0,0,0,0,1,0,0,0,0,0,0,0,0,0,
40.565,-0.38,-0.35,-0.23,-3.75,-2.33,-1.37,-0.20,478.87,-0.14,-0.17,0.00,0.00,0.00,0.00,0.00,0.00,-10.00,-10.00,-10.00,-10.00,-83333.00,-83333.30,0.00,0.00,0.00,0.00,0.00,0.00,0.00,0.00,0.00,0.00,355.28 °C,355.28 °C,355.28 °C,355.28 °C,355.28 °C,355.01 °C,355.28 °C,21.49 °C,1369.68 °C,1369.68 °C,1369.68 °C,1369.68 °C,1369.68 °C,1369.68 °C,0,0,0,0,0,0,0,1,0,0,0,0,0,0,0,0,0,
40.665,-0.38,-0.35,-0.23,-3.75,-2.33,-1.37,-0.20,478.23,-0.14,-0.17,0.00,0.00,0.00,0.00,0.00,0.00,-10.00,-10.00,-10.00,-10.00,-83333.00,-83333.30,0.00,0.00,0.00,0.00,0.00,0.00,0.00,0.00,0.00,0.00,355.28 °C,355.28 °C,355.28 °C,355.28 °C,355.28 °C,355.01 °C,355.28 °C,21.49 °C,1369.68 °C,1369.68 °C,1369.68 °C,1369.68 °C,1369.68 °C,1369.68 °C,0,0,0,0,0,0,0,1,0,0,0,0,0,0,0,0,0,
40.765,-0.38,-0.35,-0.23,-3.75,-2.33,-1.37,-0.20,478.23,-0.14,-0.17,0.00,0.00,0.00,0.00,0.00,0.00,-10.00,-10.00,-10.00,-10.00,-83333.00,-83333.30,0.00,0.00,0.00,0.00,0.00,0.00,0.00,0.00,0.00,0.00,355.28 °C,355.28 °C,355.28 °C,355.28 °C,355.28 °C,355.01 °C,355.28 °C,21.49 °C,1369.68 °C,1369.68 °C,1369.68 °C,1369.68 °C,1369.68 °C,1369.68 °C,0,0,0,0,0,0,0,1,0,0,0,0,0,0,0,0,0,
40.865,-0.38,-0.35,-0.23,-3.75,-2.33,-1.37,-0.20,478.23,-0.14,-0.17,0.00,0.00,0.00,0.00,0.00,0.00,-10.00,-10.00,-10.00,-10.00,-83333.00,-83333.30,0.00,0.00,0.00,0.00,0.00,0.00,0.00,0.00,0.00,0.00,355.28 °C,355.28 °C,355.28 °C,355.28 °C,355.28 °C,355.01 °C,355.28 °C,21.49 °C,1369.68 °C,1369.68 °C,1369.68 °C,1369.68 °C,1369.68 °C,1369.68 °C,0,0,0,0,0,0,0,1,0,0,0,0,0,0,0,0,0,
40.965,-0.38,-0.35,-0.23,-3.75,-2.33,-1.37,-0.20,478.23,-0.14,-0.17,0.00,0.00,0.00,0.00,0.00,0.00,-10.00,-10.00,-10.00,-10.00,-83333.00,-83333.30,0.00,0.00,0.00,0.00,0.00,0.00,0.00,0.00,0.00,0.00,355.28 °C,355.28 °C,355.28 °C,355.28 °C,355.28 °C,355.01 °C,355.28 °C,21.49 °C,1369.68 °C,1369.68 °C,1369.68 °C,1369.68 °C,1369.68 °C,1369.68 °C,0,0,0,0,0,0,0,1,0,0,0,0,0,0,0,0,0,
41.065,-0.38,-0.35,-0.23,-3.75,-2.33,-1.37,-0.20,478.23,-0.14,-0.17,0.00,0.00,0.00,0.00,0.00,0.00,-10.00,-10.00,-10.00,-10.00,-83333.00,-83333.30,0.00,0.00,0.00,0.00,0.00,0.00,0.00,0.00,0.00,0.00,355.28 °C,355.28 °C,355.28 °C,355.28 °C,355.28 °C,355.01 °C,355.28 °C,21.49 °C,1369.68 °C,1369.68 °C,1369.68 °C,1369.68 °C,1369.68 °C,1369.68 °C,0,0,0,0,0,0,0,1,0,0,0,0,0,0,0,0,0,
41.165,-0.34,-0.37,-0.23,-3.75,-2.33,-1.37,-0.20,478.23,-0.14,-0.18,0.00,0.00,0.00,0.00,0.00,0.00,-10.00,-10.00,-10.00,-10.00,-83333.00,-83333.30,0.00,0.00,0.00,0.00,0.00,0.00,0.00,0.00,0.00,0.00,355.01 °C,355.28 °C,355.28 °C,355.28 °C,355.28 °C,355.01 °C,355.28 °C,21.49 °C,1369.68 °C,1369.68 °C,1369.68 °C,1369.68 °C,1369.68 °C,1369.68 °C,0,0,0,0,0,0,0,1,0,0,0,0,0,0,0,0,0,
41.265,-0.34,-0.37,-0.23,-3.75,-2.33,-1.37,-0.20,478.23,-0.14,-0.18,0.00,0.00,0.00,0.00,0.00,0.00,-10.00,-10.00,-10.00,-10.00,-83333.00,-83333.30,0.00,0.00,0.00,0.00,0.00,0.00,0.00,0.00,0.00,0.00,355.01 °C,355.28 °C,355.28 °C,355.28 °C,355.28 °C,355.01 °C,355.28 °C,21.49 °C,1369.68 °C,1369.68 °C,1369.68 °C,1369.68 °C,1369.68 °C,1369.68 °C,0,0,0,0,0,0,0,1,0,0,0,0,0,0,0,0,0,
41.365,-0.34,-0.37,-0.23,-3.75,-2.33,-1.37,-0.20,478.23,-0.14,-0.18,0.00,0.00,0.00,0.00,0.00,0.00,-10.00,-10.00,-10.00,-10.00,-83333.00,-83333.30,0.00,0.00,0.00,0.00,0.00,0.00,0.00,0.00,0.00,0.00,355.01 °C,355.28 °C,355.28 °C,355.28 °C,355.28 °C,355.01 °C,355.28 °C,21.49 °C,1369.68 °C,1369.68 °C,1369.68 °C,1369.68 °C,1369.68 °C,1369.68 °C,0,0,0,0,0,0,0,1,0,0,0,0,0,0,0,0,0,
41.465,-0.34,-0.37,-0.23,-3.75,-2.33,-1.37,-0.20,478.23,-0.14,-0.18,0.00,0.00,0.00,0.00,0.00,0.00,-10.00,-10.00,-10.00,-10.00,-83333.00,-83333.30,0.00,0.00,0.00,0.00,0.00,0.00,0.00,0.00,0.00,0.00,355.01 °C,355.28 °C,355.28 °C,355.28 °C,355.28 °C,355.01 °C,355.28 °C,21.49 °C,1369.68 °C,1369.68 °C,1369.68 °C,1369.68 °C,1369.68 °C,1369.68 °C,0,0,0,0,0,0,0,1,0,0,0,0,0,0,0,0,0,
41.566,-0.34,-0.37,-0.23,-3.75,-2.33,-1.37,-0.20,478.23,-0.14,-0.18,0.00,0.00,0.00,0.00,0.00,0.00,-10.00,-10.00,-10.00,-10.00,-83333.00,-83333.30,0.00,0.00,0.00,0.00,0.00,0.00,0.00,0.00,0.00,0.00,355.01 °C,355.28 °C,355.28 °C,355.28 °C,355.28 °C,355.01 °C,355.28 °C,21.49 °C,1369.68 °C,1369.68 °C,1369.68 °C,1369.68 °C,1369.68 °C,1369.68 °C,0,0,0,0,0,0,0,1,0,0,0,0,0,0,0,0,0,
41.666,-0.34,-0.37,-0.23,-3.75,-2.33,-1.28,-0.20,478.23,-0.14,-0.18,0.00,0.00,0.00,0.00,0.00,0.00,-10.00,-10.00,-10.00,-10.00,-83333.00,-83333.30,0.00,0.00,0.00,0.00,0.00,0.00,0.00,0.00,0.00,0.00,355.01 °C,354.74 °C,355.28 °C,355.01 °C,355.28 °C,354.74 °C,355.28 °C,21.49 °C,1369.68 °C,1369.68 °C,1369.68 °C,1369.68 °C,1369.68 °C,1369.68 °C,0,0,0,0,0,0,0,1,0,0,0,0,0,0,0,0,0,
41.766,-0.34,-0.37,-0.23,-3.75,-2.33,-1.28,-0.20,478.23,-0.14,-0.18,0.00,0.00,0.00,0.00,0.00,0.00,-10.00,-10.00,-10.00,-10.00,-83333.00,-83333.30,0.00,0.00,0.00,0.00,0.00,0.00,0.00,0.00,0.00,0.00,355.01 °C,354.74 °C,355.28 °C,355.01 °C,355.28 °C,354.74 °C,355.28 °C,21.49 °C,1369.68 °C,1369.68 °C,1369.68 °C,1369.68 °C,1369.68 °C,1369.68 °C,0,0,0,0,0,0,0,1,0,0,0,0,0,0,0,0,0,
41.866,-0.34,-0.37,-0.23,-3.75,-2.33,-1.28,-0.20,478.23,-0.14,-0.18,0.00,0.00,0.00,0.00,0.00,0.00,-10.00,-10.00,-10.00,-10.00,-83333.00,-83333.30,0.00,0.00,0.00,0.00,0.00,0.00,0.00,0.00,0.00,0.00,355.01 °C,354.74 °C,355.28 °C,355.01 °C,355.28 °C,354.74 °C,355.28 °C,21.49 °C,1369.68 °C,1369.68 °C,1369.68 °C,1369.68 °C,1369.68 °C,1369.68 °C,0,0,0,0,0,0,0,1,0,0,0,0,0,0,0,0,0,
41.966,-0.34,-0.37,-0.23,-3.75,-2.33,-1.28,-0.20,478.23,-0.14,-0.18,0.00,0.00,0.00,0.00,0.00,0.00,-10.00,-10.00,-10.00,-10.00,-83333.00,-83333.30,0.00,0.00,0.00,0.00,0.00,0.00,0.00,0.00,0.00,0.00,355.01 °C,354.74 °C,355.28 °C,355.01 °C,355.28 °C,354.74 °C,355.28 °C,21.49 °C,1369.68 °C,1369.68 °C,1369.68 °C,1369.68 °C,1369.68 °C,1369.68 °C,0,0,0,0,0,0,0,1,0,0,0,0,0,0,0,0,0,
42.066,-0.34,-0.37,-0.23,-3.75,-2.33,-1.28,-0.20,478.23,-0.14,-0.18,0.00,0.00,0.00,0.00,0.00,0.00,-10.00,-10.00,-10.00,-10.00,-83333.00,-83333.30,0.00,0.00,0.00,0.00,0.00,0.00,0.00,0.00,0.00,0.00,355.01 °C,354.74 °C,355.28 °C,355.01 °C,355.28 °C,354.74 °C,355.28 °C,21.49 °C,1369.68 °C,1369.68 °C,1369.68 °C,1369.68 °C,1369.68 °C,1369.68 °C,0,0,0,0,0,0,0,1,0,0,0,0,0,0,0,0,0,
42.166,-0.38,-0.37,-0.23,-3.75,-2.33,-1.28,-0.20,478.45,-0.14,-0.17,0.00,0.00,0.00,0.00,0.00,0.00,-10.00,-10.00,-10.00,-10.00,-83333.00,-83333.30,0.00,0.00,0.00,0.00,0.00,0.00,0.00,0.00,0.00,0.00,355.01 °C,355.01 °C,355.28 °C,355.01 °C,355.28 °C,354.74 °C,355.01 °C,21.49 °C,1369.68 °C,1369.68 °C,1369.68 °C,1369.68 °C,1369.68 °C,1369.68 °C,0,0,0,0,0,0,0,1,0,0,0,0,0,0,0,0,0,
42.267,-0.38,-0.37,-0.23,-3.75,-2.33,-1.28,-0.20,478.45,-0.14,-0.17,0.00,0.00,0.00,0.00,0.00,0.00,-10.00,-10.00,-10.00,-10.00,-83333.00,-83333.30,0.00,0.00,0.00,0.00,0.00,0.00,0.00,0.00,0.00,0.00,355.01 °C,355.01 °C,355.28 °C,355.01 °C,355.28 °C,354.74 °C,355.01 °C,21.49 °C,1369.68 °C,1369.68 °C,1369.68 °C,1369.68 °C,1369.68 °C,1369.68 °C,0,0,0,0,0,0,0,1,0,0,0,0,0,0,0,0,0,
42.367,-0.38,-0.37,-0.23,-3.75,-2.33,-1.28,-0.20,478.45,-0.14,-0.17,0.00,0.00,0.00,0.00,0.00,0.00,-10.00,-10.00,-10.00,-10.00,-83333.00,-83333.30,0.00,0.00,0.00,0.00,0.00,0.00,0.00,0.00,0.00,0.00,355.01 °C,355.01 °C,355.28 °C,355.01 °C,355.28 °C,354.74 °C,355.01 °C,21.49 °C,1369.68 °C,1369.68 °C,1369.68 °C,1369.68 °C,1369.68 °C,1369.68 °C,0,0,0,0,0,0,0,1,0,0,0,0,0,0,0,0,0,
42.467,-0.38,-0.37,-0.23,-3.75,-2.33,-1.28,-0.20,478.45,-0.14,-0.17,0.00,0.00,0.00,0.00,0.00,0.00,-10.00,-10.00,-10.00,-10.00,-83333.00,-83333.30,0.00,0.00,0.00,0.00,0.00,0.00,0.00,0.00,0.00,0.00,355.01 °C,355.01 °C,355.28 °C,355.01 °C,355.28 °C,354.74 °C,355.01 °C,21.49 °C,1369.68 °C,1369.68 °C,1369.68 °C,1369.68 °C,1369.68 °C,1369.68 °C,0,0,0,0,0,0,0,1,0,0,0,0,0,0,0,0,0,
42.567,-0.38,-0.37,-0.23,-3.75,-2.33,-1.28,-0.20,478.45,-0.14,-0.17,0.00,0.00,0.00,0.00,0.00,0.00,-10.00,-10.00,-10.00,-10.00,-83333.00,-83333.30,0.00,0.00,0.00,0.00,0.00,0.00,0.00,0.00,0.00,0.00,355.01 °C,355.01 °C,355.28 °C,355.01 °C,355.28 °C,354.74 °C,355.01 °C,21.49 °C,1369.68 °C,1369.68 °C,1369.68 °C,1369.68 °C,1369.68 °C,1369.68 °C,0,0,0,0,0,0,0,1,0,0,0,0,0,0,0,0,0,
42.667,-0.38,-0.37,-0.23,-3.85,-2.24,-1.28,-0.20,478.45,-0.14,-0.17,0.00,0.00,0.00,0.00,0.00,0.00,-10.00,-10.00,-10.00,-10.00,-83333.00,-83333.30,0.00,0.00,0.00,0.00,0.00,0.00,0.00,0.00,0.00,0.00,355.01 °C,355.01 °C,355.28 °C,355.01 °C,355.28 °C,355.01 °C,355.28 °C,21.49 °C,1369.68 °C,1369.68 °C,1369.68 °C,1369.68 °C,1369.68 °C,1369.68 °C,0,0,0,0,0,0,0,1,0,0,0,1,0,0,0,0,0,
42.767,-0.38,-0.37,-0.23,-3.85,-2.24,-1.28,-0.20,478.45,-0.14,-0.17,0.00,0.00,0.00,0.00,0.00,0.00,-10.00,-10.00,-10.00,-10.00,-83333.00,-83333.30,0.00,0.00,0.00,0.00,0.00,0.00,0.00,0.00,0.00,0.00,355.01 °C,355.01 °C,355.28 °C,355.01 °C,355.28 °C,355.01 °C,355.28 °C,21.49 °C,1369.68 °C,1369.68 °C,1369.68 °C,1369.68 °C,1369.68 °C,1369.68 °C,0,0,0,0,0,0,0,1,0,0,0,1,0,0,0,0,0,
42.867,-0.38,-0.37,-0.23,-3.85,-2.24,-1.28,-0.20,478.45,-0.14,-0.17,0.00,0.00,0.00,0.00,0.00,0.00,-10.00,-10.00,-10.00,-10.00,-83333.00,-83333.30,0.00,0.00,0.00,0.00,0.00,0.00,0.00,0.00,0.00,0.00,355.01 °C,355.01 °C,355.28 °C,355.01 °C,355.28 °C,355.01 °C,355.28 °C,21.49 °C,1369.68 °C,1369.68 °C,1369.68 °C,1369.68 °C,1369.68 °C,1369.68 °C,0,0,0,0,0,0,0,1,0,0,0,1,0,0,0,0,0,
42.967,-0.38,-0.37,-0.23,-3.85,-2.24,-1.28,-0.20,478.45,-0.14,-0.17,0.00,0.00,0.00,0.00,0.00,0.00,-10.00,-10.00,-10.00,-10.00,-83333.00,-83333.30,0.00,0.00,0.00,0.00,0.00,0.00,0.00,0.00,0.00,0.00,355.01 °C,355.01 °C,355.28 °C,355.01 °C,355.28 °C,355.01 °C,355.28 °C,21.49 °C,1369.68 °C,1369.68 °C,1369.68 °C,1369.68 °C,1369.68 °C,1369.68 °C,0,0,0,0,0,0,0,1,0,0,0,1,0,0,0,0,0,
43.067,-0.38,-0.37,-0.23,-3.85,-2.24,-1.28,-0.20,478.45,-0.14,-0.17,0.00,0.00,0.00,0.00,0.00,0.00,-10.00,-10.00,-10.00,-10.00,-83333.00,-83333.30,0.00,0.00,0.00,0.00,0.00,0.00,0.00,0.00,0.00,0.00,355.01 °C,355.01 °C,355.28 °C,355.01 °C,355.28 °C,355.01 °C,355.28 °C,21.49 °C,1369.68 °C,1369.68 °C,1369.68 °C,1369.68 °C,1369.68 °C,1369.68 °C,0,0,0,0,0,0,0,1,0,0,0,1,0,0,0,0,0,
43.167,-0.35,-0.37,-0.22,-3.75,-2.33,-1.28,-0.20,478.45,-0.14,-0.17,0.00,0.00,0.00,0.00,0.00,0.00,-10.00,-10.00,-10.00,-10.00,-83333.00,-83333.30,0.00,0.00,0.00,0.00,0.00,0.00,0.00,0.00,0.00,0.00,355.28 °C,355.01 °C,355.28 °C,355.01 °C,355.28 °C,355.01 °C,355.28 °C,21.49 °C,1369.68 °C,1369.68 °C,1369.68 °C,1369.68 °C,1369.68 °C,1369.68 °C,0,0,0,0,0,0,0,1,0,0,0,1,0,0,0,0,0,
43.267,-0.35,-0.37,-0.22,-3.75,-2.33,-1.28,-0.20,478.45,-0.14,-0.17,0.00,0.00,0.00,0.00,0.00,0.00,-10.00,-10.00,-10.00,-10.00,-83333.00,-83333.30,0.00,0.00,0.00,0.00,0.00,0.00,0.00,0.00,0.00,0.00,355.28 °C,355.01 °C,355.28 °C,355.01 °C,355.28 °C,355.01 °C,355.28 °C,21.49 °C,1369.68 °C,1369.68 °C,1369.68 °C,1369.68 °C,1369.68 °C,1369.68 °C,0,0,0,0,0,0,0,1,0,0,0,1,0,0,0,0,0,
43.367,-0.35,-0.37,-0.22,-3.75,-2.33,-1.28,-0.20,478.45,-0.14,-0.17,0.00,0.00,0.00,0.00,0.00,0.00,-10.00,-10.00,-10.00,-10.00,-83333.00,-83333.30,0.00,0.00,0.00,0.00,0.00,0.00,0.00,0.00,0.00,0.00,355.28 °C,355.01 °C,355.28 °C,355.01 °C,355.28 °C,355.01 °C,355.28 °C,21.49 °C,1369.68 °C,1369.68 °C,1369.68 °C,1369.68 °C,1369.68 °C,1369.68 °C,0,0,0,0,0,0,0,1,0,0,0,1,0,0,0,0,0,
43.468,-0.35,-0.37,-0.22,-3.75,-2.33,-1.28,-0.20,478.45,-0.14,-0.17,0.00,0.00,0.00,0.00,0.00,0.00,-10.00,-10.00,-10.00,-10.00,-83333.00,-83333.30,0.00,0.00,0.00,0.00,0.00,0.00,0.00,0.00,0.00,0.00,355.28 °C,355.01 °C,355.28 °C,355.01 °C,355.28 °C,355.01 °C,355.28 °C,21.49 °C,1369.68 °C,1369.68 °C,1369.68 °C,1369.68 °C,1369.68 °C,1369.68 °C,0,0,0,0,0,0,0,1,0,0,0,1,0,0,0,0,0,
43.569,-0.35,-0.37,-0.22,-3.75,-2.33,-1.28,-0.20,478.45,-0.14,-0.17,0.00,0.00,0.00,0.00,0.00,0.00,-10.00,-10.00,-10.00,-10.00,-83333.00,-83333.30,0.00,0.00,0.00,0.00,0.00,0.00,0.00,0.00,0.00,0.00,355.28 °C,355.01 °C,355.28 °C,355.01 °C,355.28 °C,355.01 °C,355.28 °C,21.49 °C,1369.68 °C,1369.68 °C,1369.68 °C,1369.68 °C,1369.68 °C,1369.68 °C,0,0,0,0,0,0,0,1,0,0,0,1,0,0,0,0,0,
43.669,-0.34,-0.35,-0.22,-3.75,-2.33,-1.37,-0.18,477.95,-0.14,-0.17,0.00,0.00,0.00,0.00,0.00,0.00,-10.00,-10.00,-10.00,-10.00,-83333.00,-83333.30,0.00,0.00,0.00,0.00,0.00,0.00,0.00,0.00,0.00,0.00,355.28 °C,355.01 °C,355.28 °C,355.01 °C,355.01 °C,355.01 °C,355.28 °C,21.49 °C,1369.68 °C,1369.68 °C,1369.68 °C,1369.68 °C,1369.68 °C,1369.68 °C,0,0,0,0,0,0,0,1,0,0,0,1,0,0,0,0,0,
43.769,-0.34,-0.35,-0.22,-3.75,-2.33,-1.37,-0.18,477.95,-0.14,-0.17,0.00,0.00,0.00,0.00,0.00,0.00,-10.00,-10.00,-10.00,-10.00,-83333.00,-83333.30,0.00,0.00,0.00,0.00,0.00,0.00,0.00,0.00,0.00,0.00,355.28 °C,355.01 °C,355.28 °C,355.01 °C,355.01 °C,355.01 °C,355.28 °C,21.49 °C,1369.68 °C,1369.68 °C,1369.68 °C,1369.68 °C,1369.68 °C,1369.68 °C,0,0,0,0,0,0,0,1,0,0,0,1,0,0,0,0,0,
43.869,-0.34,-0.35,-0.22,-3.75,-2.33,-1.37,-0.18,477.95,-0.14,-0.17,0.00,0.00,0.00,0.00,0.00,0.00,-10.00,-10.00,-10.00,-10.00,-83333.00,-83333.30,0.00,0.00,0.00,0.00,0.00,0.00,0.00,0.00,0.00,0.00,355.28 °C,355.01 °C,355.28 °C,355.01 °C,355.01 °C,355.01 °C,355.28 °C,21.49 °C,1369.68 °C,1369.68 °C,1369.68 °C,1369.68 °C,1369.68 °C,1369.68 °C,0,0,0,0,0,0,0,1,0,0,0,1,0,0,0,0,0,
43.969,-0.34,-0.35,-0.22,-3.75,-2.33,-1.37,-0.18,477.95,-0.14,-0.17,0.00,0.00,0.00,0.00,0.00,0.00,-10.00,-10.00,-10.00,-10.00,-83333.00,-83333.30,0.00,0.00,0.00,0.00,0.00,0.00,0.00,0.00,0.00,0.00,355.28 °C,355.01 °C,355.28 °C,355.01 °C,355.01 °C,355.01 °C,355.28 °C,21.49 °C,1369.68 °C,1369.68 °C,1369.68 °C,1369.68 °C,1369.68 °C,1369.68 °C,0,0,0,0,0,0,0,1,0,0,0,1,0,0,0,0,0,
44.069,-0.34,-0.35,-0.22,-3.75,-2.33,-1.37,-0.18,477.95,-0.14,-0.17,0.00,0.00,0.00,0.00,0.00,0.00,-10.00,-10.00,-10.00,-10.00,-83333.00,-83333.30,0.00,0.00,0.00,0.00,0.00,0.00,0.00,0.00,0.00,0.00,355.28 °C,355.01 °C,355.28 °C,355.01 °C,355.01 °C,355.01 °C,355.28 °C,21.49 °C,1369.68 °C,1369.68 °C,1369.68 °C,1369.68 °C,1369.68 °C,1369.68 °C,0,0,0,0,0,0,0,1,0,0,0,1,0,0,0,0,0,
44.169,-0.34,-0.35,-0.22,-3.66,-2.43,-1.37,-0.18,477.95,-0.14,-0.17,0.00,0.00,0.00,0.00,0.00,0.00,-10.00,-10.00,-10.00,-10.00,-83333.00,-83333.30,0.00,0.00,0.00,0.00,0.00,0.00,0.00,0.00,0.00,0.00,355.28 °C,355.01 °C,355.28 °C,355.01 °C,355.01 °C,355.01 °C,355.28 °C,21.49 °C,1369.68 °C,1369.68 °C,1369.68 °C,1369.68 °C,1369.68 °C,1369.68 °C,0,0,0,0,0,0,0,1,0,0,0,1,0,0,0,0,0,
44.269,-0.34,-0.35,-0.22,-3.66,-2.43,-1.37,-0.18,477.95,-0.14,-0.17,0.00,0.00,0.00,0.00,0.00,0.00,-10.00,-10.00,-10.00,-10.00,-83333.00,-83333.30,0.00,0.00,0.00,0.00,0.00,0.00,0.00,0.00,0.00,0.00,355.28 °C,355.01 °C,355.28 °C,355.01 °C,355.01 °C,355.01 °C,355.28 °C,21.49 °C,1369.68 °C,1369.68 °C,1369.68 °C,1369.68 °C,1369.68 °C,1369.68 °C,0,0,0,0,0,0,0,1,0,0,0,1,0,0,0,0,0,
44.369,-0.34,-0.35,-0.22,-3.66,-2.43,-1.37,-0.18,477.95,-0.14,-0.17,0.00,0.00,0.00,0.00,0.00,0.00,-10.00,-10.00,-10.00,-10.00,-83333.00,-83333.30,0.00,0.00,0.00,0.00,0.00,0.00,0.00,0.00,0.00,0.00,355.28 °C,355.01 °C,355.28 °C,355.01 °C,355.01 °C,355.01 °C,355.28 °C,21.49 °C,1369.68 °C,1369.68 °C,1369.68 °C,1369.68 °C,1369.68 °C,1369.68 °C,0,0,0,0,0,0,0,1,0,0,0,1,0,0,0,0,0,
44.469,-0.34,-0.35,-0.22,-3.66,-2.43,-1.37,-0.18,477.95,-0.14,-0.17,0.00,0.00,0.00,0.00,0.00,0.00,-10.00,-10.00,-10.00,-10.00,-83333.00,-83333.30,0.00,0.00,0.00,0.00,0.00,0.00,0.00,0.00,0.00,0.00,355.28 °C,355.01 °C,355.28 °C,355.01 °C,355.01 °C,355.01 °C,355.28 °C,21.49 °C,1369.68 °C,1369.68 °C,1369.68 °C,1369.68 °C,1369.68 °C,1369.68 °C,0,0,0,0,0,0,0,1,0,0,0,1,0,0,0,0,0,
44.569,-0.34,-0.35,-0.22,-3.66,-2.43,-1.37,-0.18,477.95,-0.14,-0.17,0.00,0.00,0.00,0.00,0.00,0.00,-10.00,-10.00,-10.00,-10.00,-83333.00,-83333.30,0.00,0.00,0.00,0.00,0.00,0.00,0.00,0.00,0.00,0.00,355.28 °C,355.01 °C,355.28 °C,355.01 °C,355.01 °C,355.01 °C,355.28 °C,21.49 °C,1369.68 °C,1369.68 °C,1369.68 °C,1369.68 °C,1369.68 °C,1369.68 °C,0,0,0,0,0,0,0,1,0,0,0,1,0,0,0,0,0,
44.669,-0.35,-0.35,-0.22,-3.66,-2.43,-1.37,-0.17,478.55,-0.14,-0.17,0.00,0.00,0.00,0.00,0.00,0.00,-10.00,-10.00,-10.00,-10.00,-83333.00,-83333.30,0.00,0.00,0.00,0.00,0.00,0.00,0.00,0.00,0.00,0.00,355.28 °C,354.74 °C,355.28 °C,355.01 °C,355.01 °C,355.01 °C,355.28 °C,21.49 °C,1369.68 °C,1369.68 °C,1369.68 °C,1369.68 °C,1369.68 °C,1369.68 °C,0,0,0,0,0,0,0,1,0,0,0,1,0,0,0,0,0,
44.769,-0.35,-0.35,-0.22,-3.66,-2.43,-1.37,-0.17,478.55,-0.14,-0.17,0.00,0.00,0.00,0.00,0.00,0.00,-10.00,-10.00,-10.00,-10.00,-83333.00,-83333.30,0.00,0.00,0.00,0.00,0.00,0.00,0.00,0.00,0.00,0.00,355.28 °C,354.74 °C,355.28 °C,355.01 °C,355.01 °C,355.01 °C,355.28 °C,21.49 °C,1369.68 °C,1369.68 °C,1369.68 °C,1369.68 °C,1369.68 °C,1369.68 °C,0,0,0,0,0,0,0,1,0,0,0,1,0,0,0,0,0,
44.869,-0.35,-0.35,-0.22,-3.66,-2.43,-1.37,-0.17,478.55,-0.14,-0.17,0.00,0.00,0.00,0.00,0.00,0.00,-10.00,-10.00,-10.00,-10.00,-83333.00,-83333.30,0.00,0.00,0.00,0.00,0.00,0.00,0.00,0.00,0.00,0.00,355.28 °C,354.74 °C,355.28 °C,355.01 °C,355.01 °C,355.01 °C,355.28 °C,21.49 °C,1369.68 °C,1369.68 °C,1369.68 °C,1369.68 °C,1369.68 °C,1369.68 °C,0,0,0,0,0,0,0,1,0,0,0,1,0,0,0,0,0,
44.969,-0.35,-0.35,-0.22,-3.66,-2.43,-1.37,-0.17,478.55,-0.14,-0.17,0.00,0.00,0.00,0.00,0.00,0.00,-10.00,-10.00,-10.00,-10.00,-83333.00,-83333.30,0.00,0.00,0.00,0.00,0.00,0.00,0.00,0.00,0.00,0.00,355.28 °C,354.74 °C,355.28 °C,355.01 °C,355.01 °C,355.01 °C,355.28 °C,21.49 °C,1369.68 °C,1369.68 °C,1369.68 °C,1369.68 °C,1369.68 °C,1369.68 °C,0,0,0,0,0,0,0,1,0,0,0,1,0,0,0,0,0,
45.069,-0.35,-0.35,-0.22,-3.66,-2.43,-1.37,-0.17,478.55,-0.14,-0.17,0.00,0.00,0.00,0.00,0.00,0.00,-10.00,-10.00,-10.00,-10.00,-83333.00,-83333.30,0.00,0.00,0.00,0.00,0.00,0.00,0.00,0.00,0.00,0.00,355.28 °C,354.74 °C,355.28 °C,355.01 °C,355.01 °C,355.01 °C,355.28 °C,21.49 °C,1369.68 °C,1369.68 °C,1369.68 °C,1369.68 °C,1369.68 °C,1369.68 °C,0,0,0,0,0,0,0,1,0,0,0,1,0,0,0,0,0,
45.169,-0.35,-0.35,-0.22,-3.52,-2.33,-1.37,-0.18,478.64,-0.14,-0.17,0.00,0.00,0.00,0.00,0.00,0.00,-10.00,-10.00,-10.00,-10.00,-83333.00,-83333.30,0.00,0.00,0.00,0.00,0.00,0.00,0.00,0.00,0.00,0.00,355.28 °C,354.74 °C,355.28 °C,355.01 °C,355.01 °C,355.01 °C,355.28 °C,21.49 °C,1369.68 °C,1369.68 °C,1369.68 °C,1369.68 °C,1369.68 °C,1369.68 °C,0,0,0,0,0,0,0,1,0,0,0,1,0,0,0,0,0,
45.270,-0.35,-0.35,-0.22,-3.52,-2.33,-1.37,-0.18,478.64,-0.14,-0.17,0.00,0.00,0.00,0.00,0.00,0.00,-10.00,-10.00,-10.00,-10.00,-83333.00,-83333.30,0.00,0.00,0.00,0.00,0.00,0.00,0.00,0.00,0.00,0.00,355.28 °C,354.74 °C,355.28 °C,355.01 °C,355.01 °C,355.01 °C,355.28 °C,21.49 °C,1369.68 °C,1369.68 °C,1369.68 °C,1369.68 °C,1369.68 °C,1369.68 °C,0,0,0,0,0,0,0,1,0,0,0,1,0,0,0,0,0,
45.370,-0.35,-0.35,-0.22,-3.52,-2.33,-1.37,-0.18,478.64,-0.14,-0.17,0.00,0.00,0.00,0.00,0.00,0.00,-10.00,-10.00,-10.00,-10.00,-83333.00,-83333.30,0.00,0.00,0.00,0.00,0.00,0.00,0.00,0.00,0.00,0.00,355.28 °C,354.74 °C,355.28 °C,355.01 °C,355.01 °C,355.01 °C,355.28 °C,21.49 °C,1369.68 °C,1369.68 °C,1369.68 °C,1369.68 °C,1369.68 °C,1369.68 °C,0,0,0,0,0,0,0,1,0,0,0,1,0,0,0,0,0,
45.470,-0.35,-0.35,-0.22,-3.52,-2.33,-1.37,-0.18,478.64,-0.14,-0.17,0.00,0.00,0.00,0.00,0.00,0.00,-10.00,-10.00,-10.00,-10.00,-83333.00,-83333.30,0.00,0.00,0.00,0.00,0.00,0.00,0.00,0.00,0.00,0.00,355.28 °C,354.74 °C,355.28 °C,355.01 °C,355.01 °C,355.01 °C,355.28 °C,21.49 °C,1369.68 °C,1369.68 °C,1369.68 °C,1369.68 °C,1369.68 °C,1369.68 °C,0,0,0,0,0,0,0,1,0,0,0,1,0,0,0,0,0,
45.570,-0.35,-0.35,-0.22,-3.52,-2.33,-1.37,-0.18,478.64,-0.14,-0.17,0.00,0.00,0.00,0.00,0.00,0.00,-10.00,-10.00,-10.00,-10.00,-83333.00,-83333.30,0.00,0.00,0.00,0.00,0.00,0.00,0.00,0.00,0.00,0.00,355.28 °C,354.74 °C,355.28 °C,355.01 °C,355.01 °C,355.01 °C,355.28 °C,21.49 °C,1369.68 °C,1369.68 °C,1369.68 °C,1369.68 °C,1369.68 °C,1369.68 °C,0,0,0,0,0,0,0,1,0,0,0,1,0,0,0,0,0,
45.670,-0.35,-0.37,-0.22,-3.75,-2.33,-1.37,-0.18,478.64,-0.14,-0.17,0.00,0.00,0.00,0.00,0.00,0.00,-10.00,-10.00,-10.00,-10.00,-83333.00,-83333.30,0.00,0.00,0.00,0.00,0.00,0.00,0.00,0.00,0.00,0.00,355.01 °C,354.74 °C,355.28 °C,355.01 °C,355.01 °C,355.01 °C,355.28 °C,21.49 °C,1369.68 °C,1369.68 °C,1369.68 °C,1369.68 °C,1369.68 °C,1369.68 °C,0,0,0,0,0,0,0,1,0,0,0,1,0,0,0,0,0,
45.770,-0.35,-0.37,-0.22,-3.75,-2.33,-1.37,-0.18,478.64,-0.14,-0.17,0.00,0.00,0.00,0.00,0.00,0.00,-10.00,-10.00,-10.00,-10.00,-83333.00,-83333.30,0.00,0.00,0.00,0.00,0.00,0.00,0.00,0.00,0.00,0.00,355.01 °C,354.74 °C,355.28 °C,355.01 °C,355.01 °C,355.01 °C,355.28 °C,21.49 °C,1369.68 °C,1369.68 °C,1369.68 °C,1369.68 °C,1369.68 °C,1369.68 °C,0,0,0,0,0,0,0,1,0,0,0,1,0,0,0,0,0,
45.985,-0.35,-0.37,-0.22,-3.75,-2.33,-1.37,-0.18,478.64,-0.14,-0.17,0.00,0.00,0.00,0.00,0.00,0.00,-10.00,-10.00,-10.00,-10.00,-83333.00,-83333.30,0.00,0.00,0.00,0.00,0.00,0.00,0.00,0.00,0.00,0.00,355.01 °C,354.74 °C,355.28 °C,355.01 °C,355.01 °C,355.01 °C,355.28 °C,21.49 °C,1369.68 °C,1369.68 °C,1369.68 °C,1369.68 °C,1369.68 °C,1369.68 °C,0,0,0,0,0,0,0,1,0,0,0,1,0,0,0,0,0,
46.085,-0.35,-0.37,-0.22,-3.75,-2.33,-1.37,-0.18,478.64,-0.14,-0.17,0.00,0.00,0.00,0.00,0.00,0.00,-10.00,-10.00,-10.00,-10.00,-83333.00,-83333.30,0.00,0.00,0.00,0.00,0.00,0.00,0.00,0.00,0.00,0.00,355.01 °C,354.74 °C,355.28 °C,355.01 °C,355.28 °C,355.01 °C,355.28 °C,21.49 °C,1369.68 °C,1369.68 °C,1369.68 °C,1369.68 °C,1369.68 °C,1369.68 °C,0,0,0,0,0,0,0,1,0,0,0,1,0,0,0,0,0,
46.185,-0.34,-0.37,-0.22,-3.75,-2.43,-1.42,-0.18,478.87,-0.14,-0.17,0.00,0.00,0.00,0.00,0.00,0.00,-10.00,-10.00,-10.00,-10.00,-83333.00,-83333.30,0.00,0.00,0.00,0.00,0.00,0.00,0.00,0.00,0.00,0.00,355.01 °C,354.74 °C,355.28 °C,355.01 °C,355.28 °C,355.01 °C,355.28 °C,21.49 °C,1369.68 °C,1369.68 °C,1369.68 °C,1369.68 °C,1369.68 °C,1369.68 °C,0,0,0,0,0,0,0,1,0,0,0,1,0,0,0,0,0,
46.307,-0.34,-0.37,-0.22,-3.75,-2.43,-1.42,-0.18,478.87,-0.14,-0.17,0.00,0.00,0.00,0.00,0.00,0.00,-10.00,-10.00,-10.00,-10.00,-83333.00,-83333.30,0.00,0.00,0.00,0.00,0.00,0.00,0.00,0.00,0.00,0.00,355.01 °C,354.74 °C,355.28 °C,355.01 °C,355.28 °C,355.01 °C,355.28 °C,21.49 °C,1369.68 °C,1369.68 °C,1369.68 °C,1369.68 °C,1369.68 °C,1369.68 °C,0,0,0,0,0,0,0,1,0,0,0,0,1,0,0,0,0,
46.453,-0.34,-0.37,-0.22,-3.75,-2.43,-1.42,-0.18,478.87,-0.14,-0.17,0.00,0.00,0.00,0.00,0.00,0.00,-10.00,-10.00,-10.00,-10.00,-83333.00,-83333.30,0.00,0.00,0.00,0.00,0.00,0.00,0.00,0.00,0.00,0.00,355.01 °C,354.74 °C,355.28 °C,355.01 °C,355.28 °C,355.01 °C,355.28 °C,21.49 °C,1369.68 °C,1369.68 °C,1369.68 °C,1369.68 °C,1369.68 °C,1369.68 °C,0,0,0,0,0,0,0,0,0,0,0,0,1,0,0,0,0,
46.553,-0.34,-0.37,-0.22,-3.75,-2.43,-1.42,-0.18,478.87,-0.14,-0.17,0.00,0.00,0.00,0.00,0.00,0.00,-10.00,-10.00,-10.00,-10.00,-83333.00,-83333.30,0.00,0.00,0.00,0.00,0.00,0.00,0.00,0.00,0.00,0.00,355.01 °C,354.74 °C,355.28 °C,355.01 °C,355.28 °C,355.01 °C,355.28 °C,21.49 °C,1369.68 °C,1369.68 °C,1369.68 °C,1369.68 °C,1369.68 °C,1369.68 °C,0,0,0,0,0,0,0,0,0,0,0,0,1,0,0,0,0,
46.653,-0.34,-0.35,-0.22,-3.66,-2.65,-1.42,-0.18,478.87,-0.14,-0.18,0.00,0.00,0.00,0.00,0.00,0.00,-10.00,-10.00,-10.00,-10.00,-83333.00,-83333.30,0.00,0.00,0.00,0.00,0.00,0.00,0.00,0.00,0.00,0.00,355.01 °C,355.01 °C,355.01 °C,355.01 °C,355.28 °C,355.01 °C,355.28 °C,21.49 °C,1369.68 °C,1369.68 °C,1369.68 °C,1369.68 °C,1369.68 °C,1369.68 °C,0,0,0,0,0,0,0,0,0,0,0,0,1,0,0,0,0,
46.753,-0.34,-0.35,-0.22,-3.66,-2.65,-1.42,-0.18,478.87,-0.14,-0.18,0.00,0.00,0.00,0.00,0.00,0.00,-10.00,-10.00,-10.00,-10.00,-83333.00,-83333.30,0.00,0.00,0.00,0.00,0.00,0.00,0.00,0.00,0.00,0.00,355.01 °C,355.01 °C,355.01 °C,355.01 °C,355.28 °C,355.01 °C,355.28 °C,21.49 °C,1369.68 °C,1369.68 °C,1369.68 °C,1369.68 °C,1369.68 °C,1369.68 °C,0,0,0,0,0,0,0,0,0,0,0,0,1,0,0,0,0,
46.853,-0.34,-0.35,-0.22,-3.66,-2.65,-1.42,-0.18,478.87,-0.14,-0.18,0.00,0.00,0.00,0.00,0.00,0.00,-10.00,-10.00,-10.00,-10.00,-83333.00,-83333.30,0.00,0.00,0.00,0.00,0.00,0.00,0.00,0.00,0.00,0.00,355.01 °C,355.01 °C,355.01 °C,355.01 °C,355.28 °C,355.01 °C,355.28 °C,21.49 °C,1369.68 °C,1369.68 °C,1369.68 °C,1369.68 °C,1369.68 °C,1369.68 °C,0,0,0,0,0,0,0,0,0,0,0,0,1,0,0,0,0,
46.954,-0.34,-0.35,-0.22,-3.66,-2.65,-1.42,-0.18,478.87,-0.14,-0.18,0.00,0.00,0.00,0.00,0.00,0.00,-10.00,-10.00,-10.00,-10.00,-83333.00,-83333.30,0.00,0.00,0.00,0.00,0.00,0.00,0.00,0.00,0.00,0.00,355.01 °C,355.01 °C,355.01 °C,355.01 °C,355.28 °C,355.01 °C,355.28 °C,21.49 °C,1369.68 °C,1369.68 °C,1369.68 °C,1369.68 °C,1369.68 °C,1369.68 °C,0,0,0,0,0,0,0,0,0,0,0,0,1,0,0,0,0,
47.054,-0.34,-0.35,-0.22,-3.66,-2.65,-1.42,-0.18,478.87,-0.14,-0.18,0.00,0.00,0.00,0.00,0.00,0.00,-10.00,-10.00,-10.00,-10.00,-83333.00,-83333.30,0.00,0.00,0.00,0.00,0.00,0.00,0.00,0.00,0.00,0.00,355.01 °C,355.01 °C,355.01 °C,355.01 °C,355.28 °C,355.01 °C,355.28 °C,21.49 °C,1369.68 °C,1369.68 °C,1369.68 °C,1369.68 °C,1369.68 °C,1369.68 °C,0,0,0,0,0,0,0,0,0,0,0,0,1,0,0,0,0,
47.154,-0.33,-0.34,-0.23,-3.66,-2.65,-1.42,-0.18,478.87,-0.14,-0.18,0.00,0.00,0.00,0.00,0.00,0.00,-10.00,-10.00,-10.00,-10.00,-83333.00,-83333.30,0.00,0.00,0.00,0.00,0.00,0.00,0.00,0.00,0.00,0.00,355.28 °C,355.01 °C,355.01 °C,355.01 °C,355.28 °C,355.01 °C,355.28 °C,21.49 °C,1369.68 °C,1369.68 °C,1369.68 °C,1369.68 °C,1369.68 °C,1369.68 °C,0,0,0,0,0,0,0,0,0,0,0,0,1,0,0,0,0,
47.254,-0.33,-0.34,-0.23,-3.66,-2.65,-1.42,-0.18,478.87,-0.14,-0.18,0.00,0.00,0.00,0.00,0.00,0.00,-10.00,-10.00,-10.00,-10.00,-83333.00,-83333.30,0.00,0.00,0.00,0.00,0.00,0.00,0.00,0.00,0.00,0.00,355.28 °C,355.01 °C,355.01 °C,355.01 °C,355.28 °C,355.01 °C,355.28 °C,21.49 °C,1369.68 °C,1369.68 °C,1369.68 °C,1369.68 °C,1369.68 °C,1369.68 °C,0,0,0,0,0,0,0,0,0,0,0,0,1,0,0,0,0,
47.354,-0.33,-0.34,-0.23,-3.66,-2.65,-1.42,-0.18,478.87,-0.14,-0.18,0.00,0.00,0.00,0.00,0.00,0.00,-10.00,-10.00,-10.00,-10.00,-83333.00,-83333.30,0.00,0.00,0.00,0.00,0.00,0.00,0.00,0.00,0.00,0.00,355.28 °C,355.01 °C,355.01 °C,355.01 °C,355.28 °C,355.01 °C,355.28 °C,21.49 °C,1369.68 °C,1369.68 °C,1369.68 °C,1369.68 °C,1369.68 °C,1369.68 °C,0,0,0,0,0,0,0,0,0,0,0,0,1,0,0,0,0,
47.454,-0.33,-0.34,-0.23,-3.66,-2.65,-1.42,-0.18,478.87,-0.14,-0.18,0.00,0.00,0.00,0.00,0.00,0.00,-10.00,-10.00,-10.00,-10.00,-83333.00,-83333.30,0.00,0.00,0.00,0.00,0.00,0.00,0.00,0.00,0.00,0.00,355.28 °C,355.01 °C,355.01 °C,355.01 °C,355.28 °C,355.01 °C,355.28 °C,21.49 °C,1369.68 °C,1369.68 °C,1369.68 °C,1369.68 °C,1369.68 °C,1369.68 °C,0,0,0,0,0,0,0,0,0,0,0,0,1,0,0,0,0,
47.554,-0.33,-0.34,-0.23,-3.66,-2.65,-1.42,-0.18,478.87,-0.14,-0.18,0.00,0.00,0.00,0.00,0.00,0.00,-10.00,-10.00,-10.00,-10.00,-83333.00,-83333.30,0.00,0.00,0.00,0.00,0.00,0.00,0.00,0.00,0.00,0.00,355.28 °C,355.01 °C,355.01 °C,355.01 °C,355.28 °C,355.01 °C,355.28 °C,21.49 °C,1369.68 °C,1369.68 °C,1369.68 °C,1369.68 °C,1369.68 °C,1369.68 °C,0,0,0,0,0,0,0,0,0,0,0,0,1,0,0,0,0,
47.654,-0.33,-0.34,-0.23,-3.52,-2.65,-1.42,-0.17,478.87,-0.14,-0.18,0.00,0.00,0.00,0.00,0.00,0.00,-10.00,-10.00,-10.00,-10.00,-83333.00,-83333.30,0.00,0.00,0.00,0.00,0.00,0.00,0.00,0.00,0.00,0.00,355.28 °C,355.01 °C,355.01 °C,355.01 °C,355.01 °C,355.01 °C,355.28 °C,21.49 °C,1369.68 °C,1369.68 °C,1369.68 °C,1369.68 °C,1369.68 °C,1369.68 °C,0,0,0,0,0,0,0,0,0,0,0,0,1,0,0,0,0,
47.754,-0.33,-0.34,-0.23,-3.52,-2.65,-1.42,-0.17,478.87,-0.14,-0.18,0.00,0.00,0.00,0.00,0.00,0.00,-10.00,-10.00,-10.00,-10.00,-83333.00,-83333.30,0.00,0.00,0.00,0.00,0.00,0.00,0.00,0.00,0.00,0.00,355.28 °C,355.01 °C,355.01 °C,355.01 °C,355.01 °C,355.01 °C,355.28 °C,21.49 °C,1369.68 °C,1369.68 °C,1369.68 °C,1369.68 °C,1369.68 °C,1369.68 °C,0,0,0,0,0,0,0,0,0,0,0,0,1,0,0,0,0,
47.854,-0.33,-0.34,-0.23,-3.52,-2.65,-1.42,-0.17,478.87,-0.14,-0.18,0.00,0.00,0.00,0.00,0.00,0.00,-10.00,-10.00,-10.00,-10.00,-83333.00,-83333.30,0.00,0.00,0.00,0.00,0.00,0.00,0.00,0.00,0.00,0.00,355.28 °C,355.01 °C,355.01 °C,355.01 °C,355.01 °C,355.01 °C,355.28 °C,21.49 °C,1369.68 °C,1369.68 °C,1369.68 °C,1369.68 °C,1369.68 °C,1369.68 °C,0,0,0,0,0,0,0,0,0,0,0,0,1,0,0,0,0,
47.954,-0.33,-0.34,-0.23,-3.52,-2.65,-1.42,-0.17,478.87,-0.14,-0.18,0.00,0.00,0.00,0.00,0.00,0.00,-10.00,-10.00,-10.00,-10.00,-83333.00,-83333.30,0.00,0.00,0.00,0.00,0.00,0.00,0.00,0.00,0.00,0.00,355.28 °C,355.01 °C,355.01 °C,355.01 °C,355.01 °C,355.01 °C,355.28 °C,21.49 °C,1369.68 °C,1369.68 °C,1369.68 °C,1369.68 °C,1369.68 °C,1369.68 °C,0,0,0,0,0,0,0,0,0,0,0,0,1,0,0,0,0,
48.054,-0.33,-0.34,-0.23,-3.52,-2.65,-1.42,-0.17,478.87,-0.14,-0.18,0.00,0.00,0.00,0.00,0.00,0.00,-10.00,-10.00,-10.00,-10.00,-83333.00,-83333.30,0.00,0.00,0.00,0.00,0.00,0.00,0.00,0.00,0.00,0.00,355.28 °C,355.01 °C,355.01 °C,355.01 °C,355.01 °C,355.01 °C,355.28 °C,21.49 °C,1369.68 °C,1369.68 °C,1369.68 °C,1369.68 °C,1369.68 °C,1369.68 °C,0,0,0,0,0,0,0,0,0,0,0,0,1,0,0,0,0,
48.154,-0.33,-0.34,-0.23,-3.34,-2.65,-1.42,-0.17,479.14,-0.14,-0.17,0.00,0.00,0.00,0.00,0.00,0.00,-10.00,-10.00,-10.00,-10.00,-83333.00,-83333.30,0.00,0.00,0.00,0.00,0.00,0.00,0.00,0.00,0.00,0.00,355.01 °C,355.01 °C,355.01 °C,355.01 °C,355.01 °C,355.01 °C,355.28 °C,21.49 °C,1369.68 °C,1369.68 °C,1369.68 °C,1369.68 °C,1369.68 °C,1369.68 °C,0,0,0,0,0,0,0,0,0,0,0,0,1,0,0,0,0,
48.254,-0.33,-0.34,-0.23,-3.34,-2.65,-1.42,-0.17,479.14,-0.14,-0.17,0.00,0.00,0.00,0.00,0.00,0.00,-10.00,-10.00,-10.00,-10.00,-83333.00,-83333.30,0.00,0.00,0.00,0.00,0.00,0.00,0.00,0.00,0.00,0.00,355.01 °C,355.01 °C,355.01 °C,355.01 °C,355.01 °C,355.01 °C,355.28 °C,21.49 °C,1369.68 °C,1369.68 °C,1369.68 °C,1369.68 °C,1369.68 °C,1369.68 °C,0,0,0,0,0,0,0,0,0,0,0,0,1,0,0,0,0,
48.398,-0.33,-0.34,-0.23,-3.34,-2.65,-1.42,-0.17,479.14,-0.14,-0.17,0.00,0.00,0.00,0.00,0.00,0.00,-10.00,-10.00,-10.00,-10.00,-83333.00,-83333.30,0.00,0.00,0.00,0.00,0.00,0.00,0.00,0.00,0.00,0.00,355.01 °C,355.01 °C,355.01 °C,355.01 °C,355.01 °C,355.01 °C,355.28 °C,21.49 °C,1369.68 °C,1369.68 °C,1369.68 °C,1369.68 °C,1369.68 °C,1369.68 °C,0,0,0,0,0,0,0,0,0,0,0,0,1,0,0,0,0,
49.398,-0.33,-0.33,-0.23,-3.34,-2.93,-1.42,-0.17,478.55,-0.14,-0.17,0.00,0.00,0.00,0.00,0.00,0.00,-10.00,-10.00,-10.00,-10.00,-83333.00,-83333.30,0.00,0.00,0.00,0.00,0.00,0.00,0.00,0.00,0.00,0.00,355.01 °C,355.01 °C,355.01 °C,355.01 °C,355.01 °C,355.01 °C,355.28 °C,21.49 °C,1369.68 °C,1369.68 °C,1369.68 °C,1369.68 °C,1369.68 °C,1369.68 °C,0,0,0,0,0,0,0,0,0,0,0,0,1,0,0,0,0,
50.398,-0.33,-0.33,-0.23,-3.34,-3.07,-1.46,-0.18,478.64,-0.14,-0.17,0.00,0.00,0.00,0.00,0.00,0.00,-10.00,-10.00,-10.00,-10.00,-83333.00,-83333.30,0.00,0.00,0.00,0.00,0.00,0.00,0.00,0.00,0.00,0.00,355.01 °C,355.01 °C,355.01 °C,355.01 °C,355.28 °C,355.01 °C,355.28 °C,21.49 °C,1369.68 °C,1369.68 °C,1369.68 °C,1369.68 °C,1369.68 °C,1369.68 °C,0,0,0,0,0,0,0,0,0,0,0,0,1,0,0,0,0,
51.398,-0.33,-0.34,-0.22,-3.43,-2.93,-1.46,-0.20,478.87,-0.14,-0.17,0.00,0.00,0.00,0.00,0.00,0.00,-10.00,-10.00,-10.00,-10.00,-83333.00,-83333.30,0.00,0.00,0.00,0.00,0.00,0.00,0.00,0.00,0.00,0.00,355.01 °C,355.01 °C,355.01 °C,355.01 °C,355.28 °C,355.01 °C,355.28 °C,21.49 °C,1369.68 °C,1369.68 °C,1369.68 °C,1369.68 °C,1369.68 °C,1369.68 °C,0,0,0,0,0,0,0,0,0,0,0,0,1,0,0,0,0,
52.398,-0.33,-0.34,-0.22,-3.52,-2.93,-1.53,-0.21,478.55,-0.14,-0.17,0.00,0.00,0.00,0.00,0.00,0.00,-10.00,-10.00,-10.00,-10.00,-83333.00,-83333.30,0.00,0.00,0.00,0.00,0.00,0.00,0.00,0.00,0.00,0.00,355.01 °C,355.01 °C,355.01 °C,355.01 °C,355.01 °C,355.01 °C,355.28 °C,21.49 °C,1369.68 °C,1369.68 °C,1369.68 °C,1369.68 °C,1369.68 °C,1369.68 °C,0,0,0,0,0,0,0,0,0,0,0,0,1,0,0,0,0,
53.398,-0.33,-0.34,-0.23,-3.43,-3.07,-1.53,-0.20,479.46,-0.14,-0.17,0.00,0.00,0.00,0.00,0.00,0.00,-10.00,-10.00,-10.00,-10.00,-83333.00,-83333.30,0.00,0.00,0.00,0.00,0.00,0.00,0.00,0.00,0.00,0.00,355.28 °C,354.74 °C,355.28 °C,355.01 °C,355.01 °C,355.01 °C,355.28 °C,21.49 °C,1369.68 °C,1369.68 °C,1369.68 °C,1369.68 °C,1369.68 °C,1369.68 °C,0,0,0,0,0,0,0,0,0,0,0,0,1,0,0,0,0,
54.398,-0.34,-0.34,-0.23,-3.52,-2.75,-1.53,-0.20,479.05,-0.14,-0.17,0.00,0.00,0.00,0.00,0.00,0.00,-10.00,-10.00,-10.00,-10.00,-83333.00,-83333.30,0.00,0.00,0.00,0.00,0.00,0.00,0.00,0.00,0.00,0.00,355.01 °C,355.01 °C,355.01 °C,355.01 °C,355.28 °C,355.01 °C,355.28 °C,21.49 °C,1369.68 °C,1369.68 °C,1369.68 °C,1369.68 °C,1369.68 °C,1369.68 °C,0,0,0,0,0,0,0,0,0,0,0,0,1,0,0,0,0,
55.398,-0.37,-0.35,-0.23,-3.52,-2.75,-1.46,-0.23,478.87,-0.14,-0.17,0.00,0.00,0.00,0.00,0.00,0.00,-10.00,-10.00,-10.00,-10.00,-83333.00,-83333.30,0.00,0.00,0.00,0.00,0.00,0.00,0.00,0.00,0.00,0.00,355.01 °C,355.01 °C,355.01 °C,355.01 °C,355.28 °C,354.74 °C,355.28 °C,21.49 °C,1369.68 °C,1369.68 °C,1369.68 °C,1369.68 °C,1369.68 °C,1369.68 °C,0,0,0,0,0,0,0,0,0,0,0,0,1,0,0,0,0,
56.398,-0.38,-0.35,-0.22,-3.52,-2.65,-1.42,-0.22,478.55,-0.14,-0.17,0.00,0.00,0.00,0.00,0.00,0.00,-10.00,-10.00,-10.00,-10.00,-83333.00,-83333.30,0.00,0.00,0.00,0.00,0.00,0.00,0.00,0.00,0.00,0.00,355.28 °C,355.28 °C,355.28 °C,355.01 °C,355.28 °C,355.01 °C,355.28 °C,21.49 °C,1369.68 °C,1369.68 °C,1369.68 °C,1369.68 °C,1369.68 °C,1369.68 °C,0,0,0,0,0,0,0,0,0,0,0,0,1,0,0,0,0,
57.398,-0.39,-0.35,-0.22,-3.66,-2.43,-1.37,-0.22,478.73,-0.14,-0.17,0.00,0.00,0.00,0.00,0.00,0.00,-10.00,-10.00,-10.00,-10.00,-83333.00,-83333.30,0.00,0.00,0.00,0.00,0.00,0.00,0.00,0.00,0.00,0.00,355.28 °C,355.01 °C,355.28 °C,355.01 °C,355.28 °C,355.01 °C,355.28 °C,21.49 °C,1369.68 °C,1369.68 °C,1369.68 °C,1369.68 °C,1369.68 °C,1369.68 °C,0,0,0,0,0,0,0,0,0,0,0,0,1,0,0,0,0,
58.399,-0.38,-0.35,-0.22,-3.66,-2.56,-1.42,-0.22,478.13,-0.14,-0.17,0.00,0.00,0.00,0.00,0.00,0.00,-10.00,-10.00,-10.00,-10.00,-83333.00,-83333.30,0.00,0.00,0.00,0.00,0.00,0.00,0.00,0.00,0.00,0.00,355.28 °C,355.01 °C,355.28 °C,355.01 °C,355.01 °C,355.01 °C,355.28 °C,21.49 °C,1369.68 °C,1369.68 °C,1369.68 °C,1369.68 °C,1369.68 °C,1369.68 °C,0,0,0,0,0,0,0,0,0,0,0,0,1,0,0,0,0,
59.399,-0.38,-0.34,-0.22,-3.52,-2.75,-1.46,-0.21,478.23,-0.14,-0.17,0.00,0.00,0.00,0.00,0.00,0.00,-10.00,-10.00,-10.00,-10.00,-83333.00,-83333.30,0.00,0.00,0.00,0.00,0.00,0.00,0.00,0.00,0.00,0.00,355.28 °C,355.01 °C,355.01 °C,355.01 °C,355.28 °C,355.01 °C,355.28 °C,21.49 °C,1369.68 °C,1369.68 °C,1369.68 °C,1369.68 °C,1369.68 °C,1369.68 °C,0,0,0,0,0,0,0,0,0,0,0,0,1,0,0,0,0,
60.399,-0.38,-0.34,-0.23,-3.43,-2.65,-1.46,-0.20,477.86,-0.14,-0.17,0.00,0.00,0.00,0.00,0.00,0.00,-10.00,-10.00,-10.00,-10.00,-83333.00,-83333.30,0.00,0.00,0.00,0.00,0.00,0.00,0.00,0.00,0.00,0.00,355.28 °C,355.01 °C,355.01 °C,355.01 °C,355.01 °C,355.01 °C,355.28 °C,21.49 °C,1369.68 °C,1369.68 °C,1369.68 °C,1369.68 °C,1369.68 °C,1369.68 °C,0,0,0,0,0,0,0,0,0,0,0,0,1,0,0,0,0,
61.399,-0.37,-0.33,-0.23,-3.52,-2.65,-1.46,-0.20,477.95,-0.14,-0.17,0.00,0.00,0.00,0.00,0.00,0.00,-10.00,-10.00,-10.00,-10.00,-83333.00,-83333.30,0.00,0.00,0.00,0.00,0.00,0.00,0.00,0.00,0.00,0.00,355.28 °C,355.28 °C,355.28 °C,355.01 °C,355.01 °C,355.28 °C,355.28 °C,21.49 °C,1369.68 °C,1369.68 °C,1369.68 °C,1369.68 °C,1369.68 °C,1369.68 °C,0,0,0,0,0,0,0,0,0,0,0,0,1,0,0,0,0,